   0.1000E-02
    0.1059E-02
    0.1122E-02
    0.1189E-02
    0.1259E-02
    0.1334E-02
    0.1413E-02
    0.1496E-02
    0.1585E-02
    0.1679E-02
    0.1778E-02
    0.1884E-02
    0.1995E-02
    0.2113E-02
    0.2239E-02
    0.2371E-02
    0.2512E-02
    0.2661E-02
    0.2818E-02
    0.2985E-02
    0.3162E-02
    0.3350E-02
    0.3548E-02
    0.3758E-02
    0.3981E-02
    0.4217E-02
    0.4467E-02
    0.4732E-02
    0.5012E-02
    0.5309E-02
    0.5623E-02
    0.5957E-02
    0.6310E-02
    0.6683E-02
    0.7079E-02
    0.7499E-02
    0.7943E-02
    0.8414E-02
    0.8913E-02
    0.9441E-02
    0.1000E-01
    0.1059E-01
    0.1122E-01
    0.1189E-01
    0.1259E-01
    0.1334E-01
    0.1413E-01
    0.1496E-01
    0.1585E-01
    0.1679E-01
    0.1778E-01
    0.1884E-01
    0.1995E-01
    0.2113E-01
    0.2239E-01
    0.2371E-01
    0.2512E-01
    0.2661E-01
    0.2818E-01
    0.2985E-01
    0.3162E-01
    0.3350E-01
    0.3548E-01
    0.3758E-01
    0.3981E-01
    0.4217E-01
    0.4467E-01
    0.4732E-01
    0.5012E-01
    0.5309E-01
    0.5623E-01
    0.5957E-01
    0.6310E-01
    0.6683E-01
    0.7079E-01
    0.7499E-01
    0.7943E-01
    0.8414E-01
    0.8913E-01
    0.9441E-01
    0.1000E+00
    0.1059E+00
    0.1122E+00
    0.1189E+00
    0.1259E+00
    0.1334E+00
    0.1413E+00
    0.1496E+00
    0.1585E+00
    0.1679E+00
    0.1778E+00
    0.1884E+00
    0.1995E+00
    0.2113E+00
    0.2239E+00
    0.2371E+00
    0.2512E+00
    0.2661E+00
    0.2818E+00
    0.2985E+00
    0.3162E+00
    0.3350E+00
    0.3548E+00
    0.3758E+00
    0.3981E+00
    0.4217E+00
    0.4467E+00
    0.4732E+00
    0.5012E+00
    0.5309E+00
    0.5623E+00
    0.5957E+00
    0.6310E+00
    0.6683E+00
    0.7079E+00
    0.7499E+00
    0.7943E+00
    0.8414E+00
    0.8913E+00
    0.9441E+00
    0.1000E+01
    0.1059E+01
    0.1122E+01
    0.1189E+01
    0.1259E+01
    0.1334E+01
    0.1413E+01
    0.1496E+01
    0.1585E+01
    0.1679E+01
    0.1778E+01
    0.1884E+01
    0.1995E+01
    0.2113E+01
    0.2239E+01
    0.2371E+01
    0.2512E+01
    0.2661E+01
    0.2818E+01
    0.2985E+01
    0.3162E+01
    0.3350E+01
    0.3548E+01
    0.3758E+01
    0.3981E+01
    0.4217E+01
    0.4467E+01
    0.4732E+01
    0.5012E+01
    0.5309E+01
    0.5623E+01
    0.5957E+01
    0.6310E+01
    0.6683E+01
    0.7079E+01
    0.7499E+01
    0.7943E+01
    0.8414E+01
    0.8913E+01
    0.9441E+01
    0.1000E+02
    0.1059E+02
    0.1122E+02
    0.1189E+02
    0.1259E+02
    0.1334E+02
    0.1413E+02
    0.1496E+02
    0.1585E+02
    0.1679E+02
    0.1778E+02
    0.1884E+02
    0.1995E+02
    0.2113E+02
    0.2239E+02
    0.2371E+02
    0.2512E+02
    0.2661E+02
    0.2818E+02
    0.2985E+02
    0.3162E+02
    0.3350E+02
    0.3548E+02
    0.3758E+02
    0.3981E+02
    0.4217E+02
    0.4467E+02
    0.4732E+02
    0.5012E+02
    0.5309E+02
    0.5623E+02
    0.5957E+02
    0.6310E+02
    0.6683E+02
    0.7079E+02
    0.7499E+02
    0.7943E+02
    0.8414E+02
    0.8913E+02
    0.9441E+02
    0.1000E+03