    0.9018E+03
    0.8652E+03
    0.8318E+03
    0.8012E+03
    0.7733E+03
    0.7477E+03
    0.7242E+03
    0.7028E+03
    0.6831E+03
    0.6650E+03
    0.6485E+03
    0.6333E+03
    0.6194E+03
    0.6067E+03
    0.5950E+03
    0.5843E+03
    0.5745E+03
    0.5656E+03
    0.5574E+03
    0.5500E+03
    0.5432E+03
    0.5370E+03
    0.5314E+03
    0.5262E+03
    0.5216E+03
    0.5174E+03
    0.5135E+03
    0.5101E+03
    0.5069E+03
    0.5040E+03
    0.5014E+03
    0.4990E+03
    0.4968E+03
    0.4947E+03
    0.4928E+03
    0.4910E+03
    0.4893E+03
    0.4876E+03
    0.4859E+03
    0.4842E+03
    0.4825E+03
    0.4807E+03
    0.4789E+03
    0.4770E+03
    0.4751E+03
    0.4731E+03
    0.4710E+03
    0.4689E+03
    0.4667E+03
    0.4645E+03
    0.4622E+03
    0.4599E+03
    0.4576E+03
    0.4551E+03
    0.4526E+03
    0.4501E+03
    0.4475E+03
    0.4449E+03
    0.4422E+03
    0.4394E+03
    0.4367E+03
    0.4338E+03
    0.4310E+03
    0.4280E+03
    0.4251E+03
    0.4221E+03
    0.4190E+03
    0.4159E+03
    0.4128E+03
    0.4096E+03
    0.4064E+03
    0.4032E+03
    0.3999E+03
    0.3967E+03
    0.3933E+03
    0.3900E+03
    0.3866E+03
    0.3832E+03
    0.3798E+03
    0.3764E+03
    0.3730E+03
    0.3695E+03
    0.3660E+03
    0.3625E+03
    0.3590E+03
    0.3555E+03
    0.3520E+03
    0.3484E+03
    0.3449E+03
    0.3413E+03
    0.3377E+03
    0.3341E+03
    0.3305E+03
    0.3269E+03
    0.3233E+03
    0.3197E+03
    0.3160E+03
    0.3124E+03
    0.3087E+03
    0.3051E+03
    0.3014E+03
    0.2978E+03
    0.2941E+03
    0.2904E+03
    0.2867E+03
    0.2831E+03
    0.2794E+03
    0.2757E+03
    0.2721E+03
    0.2685E+03
    0.2648E+03
    0.2612E+03
    0.2577E+03
    0.2541E+03
    0.2506E+03
    0.2471E+03
    0.2436E+03
    0.2402E+03
    0.2368E+03
    0.2335E+03
    0.2302E+03
    0.2269E+03
    0.2237E+03
    0.2205E+03
    0.2174E+03
    0.2144E+03
    0.2114E+03
    0.2084E+03
    0.2055E+03
    0.2027E+03
    0.1999E+03
    0.1972E+03
    0.1945E+03
    0.1919E+03
    0.1894E+03
    0.1869E+03
    0.1844E+03
    0.1821E+03
    0.1797E+03
    0.1775E+03
    0.1752E+03
    0.1731E+03
    0.1710E+03
    0.1689E+03
    0.1669E+03
    0.1649E+03
    0.1630E+03
    0.1611E+03
    0.1593E+03
    0.1575E+03
    0.1558E+03
    0.1540E+03
    0.1523E+03
    0.1507E+03
    0.1491E+03
    0.1475E+03
    0.1459E+03
    0.1444E+03
    0.1428E+03
    0.1413E+03
    0.1398E+03
    0.1384E+03
    0.1369E+03
    0.1354E+03
    0.1340E+03
    0.1326E+03
    0.1311E+03
    0.1297E+03
    0.1283E+03
    0.1269E+03
    0.1255E+03
    0.1241E+03
    0.1227E+03
    0.1213E+03
    0.1199E+03
    0.1185E+03
    0.1171E+03
    0.1156E+03
    0.1142E+03
    0.1128E+03
    0.1113E+03
    0.1098E+03
    0.1084E+03
    0.1069E+03
    0.1054E+03
    0.1039E+03
    0.1024E+03
    0.1010E+03
    0.9950E+02
    0.9806E+02
    0.9664E+02
    0.9523E+02
    0.9386E+02
    0.9250E+02
    0.9118E+02
    0.8988E+02
    0.8861E+02
    0.8738E+02
    0.8619E+02
    0.8502E+02
    0.8390E+02
    0.1059E+04
    0.1015E+04
    0.9743E+03
    0.9373E+03
    0.9035E+03
    0.8725E+03
    0.8442E+03
    0.8183E+03
    0.7945E+03
    0.7728E+03
    0.7528E+03
    0.7346E+03
    0.7178E+03
    0.7025E+03
    0.6884E+03
    0.6756E+03
    0.6638E+03
    0.6530E+03
    0.6432E+03
    0.6342E+03
    0.6260E+03
    0.6186E+03
    0.6118E+03
    0.6056E+03
    0.5999E+03
    0.5948E+03
    0.5902E+03
    0.5859E+03
    0.5821E+03
    0.5786E+03
    0.5753E+03
    0.5724E+03
    0.5697E+03
    0.5671E+03
    0.5648E+03
    0.5625E+03
    0.5603E+03
    0.5582E+03
    0.5561E+03
    0.5540E+03
    0.5519E+03
    0.5497E+03
    0.5474E+03
    0.5451E+03
    0.5427E+03
    0.5402E+03
    0.5377E+03
    0.5351E+03
    0.5325E+03
    0.5297E+03
    0.5270E+03
    0.5241E+03
    0.5213E+03
    0.5183E+03
    0.5153E+03
    0.5122E+03
    0.5090E+03
    0.5059E+03
    0.5026E+03
    0.4993E+03
    0.4960E+03
    0.4926E+03
    0.4891E+03
    0.4856E+03
    0.4821E+03
    0.4785E+03
    0.4749E+03
    0.4712E+03
    0.4675E+03
    0.4637E+03
    0.4599E+03
    0.4561E+03
    0.4523E+03
    0.4484E+03
    0.4445E+03
    0.4406E+03
    0.4366E+03
    0.4327E+03
    0.4287E+03
    0.4247E+03
    0.4206E+03
    0.4166E+03
    0.4125E+03
    0.4085E+03
    0.4044E+03
    0.4003E+03
    0.3962E+03
    0.3920E+03
    0.3879E+03
    0.3838E+03
    0.3796E+03
    0.3754E+03
    0.3712E+03
    0.3671E+03
    0.3629E+03
    0.3586E+03
    0.3544E+03
    0.3502E+03
    0.3460E+03
    0.3417E+03
    0.3375E+03
    0.3332E+03
    0.3290E+03
    0.3248E+03
    0.3205E+03
    0.3163E+03
    0.3121E+03
    0.3079E+03
    0.3038E+03
    0.2996E+03
    0.2955E+03
    0.2914E+03
    0.2874E+03
    0.2833E+03
    0.2794E+03
    0.2754E+03
    0.2715E+03
    0.2677E+03
    0.2639E+03
    0.2602E+03
    0.2565E+03
    0.2529E+03
    0.2493E+03
    0.2458E+03
    0.2424E+03
    0.2390E+03
    0.2357E+03
    0.2324E+03
    0.2293E+03
    0.2262E+03
    0.2231E+03
    0.2201E+03
    0.2172E+03
    0.2144E+03
    0.2116E+03
    0.2089E+03
    0.2062E+03
    0.2036E+03
    0.2011E+03
    0.1986E+03
    0.1962E+03
    0.1939E+03
    0.1916E+03
    0.1893E+03
    0.1872E+03
    0.1850E+03
    0.1829E+03
    0.1809E+03
    0.1789E+03
    0.1769E+03
    0.1750E+03
    0.1731E+03
    0.1712E+03
    0.1694E+03
    0.1676E+03
    0.1658E+03
    0.1641E+03
    0.1623E+03
    0.1606E+03
    0.1589E+03
    0.1572E+03
    0.1556E+03
    0.1539E+03
    0.1523E+03
    0.1506E+03
    0.1490E+03
    0.1474E+03
    0.1457E+03
    0.1441E+03
    0.1425E+03
    0.1409E+03
    0.1392E+03
    0.1376E+03
    0.1360E+03
    0.1344E+03
    0.1327E+03
    0.1311E+03
    0.1294E+03
    0.1277E+03
    0.1261E+03
    0.1244E+03
    0.1226E+03
    0.1209E+03
    0.1192E+03
    0.1175E+03
    0.1157E+03
    0.1140E+03
    0.1123E+03
    0.1106E+03
    0.1089E+03
    0.1073E+03
    0.1057E+03
    0.1041E+03
    0.1025E+03
    0.1009E+03
    0.9945E+02
    0.9799E+02
    0.9656E+02
    0.9518E+02
    0.9384E+02
    0.9255E+02
    0.1254E+04
    0.1198E+04
    0.1148E+04
    0.1103E+04
    0.1061E+04
    0.1023E+04
    0.9882E+03
    0.9563E+03
    0.9272E+03
    0.9006E+03
    0.8762E+03
    0.8539E+03
    0.8335E+03
    0.8148E+03
    0.7977E+03
    0.7820E+03
    0.7677E+03
    0.7546E+03
    0.7426E+03
    0.7317E+03
    0.7217E+03
    0.7126E+03
    0.7043E+03
    0.6968E+03
    0.6899E+03
    0.6836E+03
    0.6780E+03
    0.6728E+03
    0.6681E+03
    0.6637E+03
    0.6598E+03
    0.6562E+03
    0.6528E+03
    0.6497E+03
    0.6467E+03
    0.6439E+03
    0.6413E+03
    0.6386E+03
    0.6361E+03
    0.6335E+03
    0.6308E+03
    0.6281E+03
    0.6253E+03
    0.6224E+03
    0.6195E+03
    0.6164E+03
    0.6133E+03
    0.6102E+03
    0.6069E+03
    0.6036E+03
    0.6002E+03
    0.5968E+03
    0.5933E+03
    0.5897E+03
    0.5860E+03
    0.5823E+03
    0.5785E+03
    0.5747E+03
    0.5708E+03
    0.5668E+03
    0.5628E+03
    0.5588E+03
    0.5546E+03
    0.5505E+03
    0.5462E+03
    0.5420E+03
    0.5377E+03
    0.5333E+03
    0.5289E+03
    0.5245E+03
    0.5201E+03
    0.5156E+03
    0.5111E+03
    0.5065E+03
    0.5019E+03
    0.4973E+03
    0.4927E+03
    0.4881E+03
    0.4834E+03
    0.4787E+03
    0.4740E+03
    0.4693E+03
    0.4646E+03
    0.4599E+03
    0.4551E+03
    0.4503E+03
    0.4456E+03
    0.4408E+03
    0.4359E+03
    0.4311E+03
    0.4263E+03
    0.4214E+03
    0.4166E+03
    0.4117E+03
    0.4068E+03
    0.4020E+03
    0.3971E+03
    0.3922E+03
    0.3873E+03
    0.3824E+03
    0.3775E+03
    0.3726E+03
    0.3677E+03
    0.3628E+03
    0.3580E+03
    0.3532E+03
    0.3484E+03
    0.3436E+03
    0.3389E+03
    0.3342E+03
    0.3295E+03
    0.3249E+03
    0.3203E+03
    0.3158E+03
    0.3113E+03
    0.3069E+03
    0.3026E+03
    0.2983E+03
    0.2941E+03
    0.2900E+03
    0.2859E+03
    0.2819E+03
    0.2779E+03
    0.2741E+03
    0.2703E+03
    0.2666E+03
    0.2630E+03
    0.2594E+03
    0.2559E+03
    0.2525E+03
    0.2492E+03
    0.2459E+03
    0.2428E+03
    0.2397E+03
    0.2366E+03
    0.2337E+03
    0.2308E+03
    0.2280E+03
    0.2252E+03
    0.2226E+03
    0.2199E+03
    0.2174E+03
    0.2149E+03
    0.2124E+03
    0.2100E+03
    0.2077E+03
    0.2054E+03
    0.2032E+03
    0.2010E+03
    0.1988E+03
    0.1967E+03
    0.1946E+03
    0.1925E+03
    0.1905E+03
    0.1885E+03
    0.1865E+03
    0.1845E+03
    0.1826E+03
    0.1806E+03
    0.1787E+03
    0.1768E+03
    0.1749E+03
    0.1730E+03
    0.1711E+03
    0.1692E+03
    0.1674E+03
    0.1655E+03
    0.1636E+03
    0.1617E+03
    0.1598E+03
    0.1580E+03
    0.1561E+03
    0.1542E+03
    0.1523E+03
    0.1504E+03
    0.1485E+03
    0.1466E+03
    0.1446E+03
    0.1427E+03
    0.1407E+03
    0.1387E+03
    0.1367E+03
    0.1347E+03
    0.1327E+03
    0.1307E+03
    0.1287E+03
    0.1267E+03
    0.1247E+03
    0.1227E+03
    0.1208E+03
    0.1189E+03
    0.1170E+03
    0.1151E+03
    0.1133E+03
    0.1115E+03
    0.1098E+03
    0.1081E+03
    0.1065E+03
    0.1049E+03
    0.1033E+03
    0.1019E+03
    0.1488E+04
    0.1420E+04
    0.1357E+04
    0.1300E+04
    0.1249E+04
    0.1202E+04
    0.1159E+04
    0.1119E+04
    0.1084E+04
    0.1051E+04
    0.1021E+04
    0.9935E+03
    0.9684E+03
    0.9455E+03
    0.9246E+03
    0.9054E+03
    0.8879E+03
    0.8719E+03
    0.8573E+03
    0.8439E+03
    0.8318E+03
    0.8207E+03
    0.8106E+03
    0.8013E+03
    0.7930E+03
    0.7853E+03
    0.7784E+03
    0.7720E+03
    0.7663E+03
    0.7610E+03
    0.7561E+03
    0.7517E+03
    0.7475E+03
    0.7437E+03
    0.7401E+03
    0.7366E+03
    0.7333E+03
    0.7301E+03
    0.7269E+03
    0.7237E+03
    0.7204E+03
    0.7171E+03
    0.7136E+03
    0.7101E+03
    0.7065E+03
    0.7028E+03
    0.6990E+03
    0.6951E+03
    0.6911E+03
    0.6871E+03
    0.6830E+03
    0.6789E+03
    0.6746E+03
    0.6703E+03
    0.6659E+03
    0.6614E+03
    0.6568E+03
    0.6522E+03
    0.6476E+03
    0.6429E+03
    0.6381E+03
    0.6332E+03
    0.6283E+03
    0.6234E+03
    0.6184E+03
    0.6134E+03
    0.6083E+03
    0.6031E+03
    0.5980E+03
    0.5928E+03
    0.5875E+03
    0.5823E+03
    0.5770E+03
    0.5717E+03
    0.5663E+03
    0.5609E+03
    0.5555E+03
    0.5501E+03
    0.5447E+03
    0.5393E+03
    0.5338E+03
    0.5283E+03
    0.5228E+03
    0.5173E+03
    0.5118E+03
    0.5062E+03
    0.5006E+03
    0.4951E+03
    0.4895E+03
    0.4839E+03
    0.4783E+03
    0.4726E+03
    0.4670E+03
    0.4613E+03
    0.4557E+03
    0.4500E+03
    0.4444E+03
    0.4387E+03
    0.4331E+03
    0.4274E+03
    0.4218E+03
    0.4162E+03
    0.4106E+03
    0.4051E+03
    0.3995E+03
    0.3940E+03
    0.3886E+03
    0.3832E+03
    0.3778E+03
    0.3725E+03
    0.3673E+03
    0.3621E+03
    0.3570E+03
    0.3519E+03
    0.3469E+03
    0.3420E+03
    0.3372E+03
    0.3325E+03
    0.3278E+03
    0.3232E+03
    0.3187E+03
    0.3143E+03
    0.3100E+03
    0.3057E+03
    0.3016E+03
    0.2975E+03
    0.2936E+03
    0.2897E+03
    0.2859E+03
    0.2822E+03
    0.2785E+03
    0.2750E+03
    0.2716E+03
    0.2682E+03
    0.2649E+03
    0.2617E+03
    0.2585E+03
    0.2555E+03
    0.2525E+03
    0.2496E+03
    0.2467E+03
    0.2439E+03
    0.2412E+03
    0.2385E+03
    0.2359E+03
    0.2333E+03
    0.2308E+03
    0.2283E+03
    0.2259E+03
    0.2235E+03
    0.2211E+03
    0.2188E+03
    0.2165E+03
    0.2142E+03
    0.2119E+03
    0.2097E+03
    0.2075E+03
    0.2053E+03
    0.2031E+03
    0.2009E+03
    0.1987E+03
    0.1965E+03
    0.1944E+03
    0.1922E+03
    0.1900E+03
    0.1878E+03
    0.1857E+03
    0.1835E+03
    0.1813E+03
    0.1791E+03
    0.1769E+03
    0.1747E+03
    0.1725E+03
    0.1703E+03
    0.1681E+03
    0.1659E+03
    0.1637E+03
    0.1614E+03
    0.1591E+03
    0.1568E+03
    0.1545E+03
    0.1522E+03
    0.1499E+03
    0.1475E+03
    0.1452E+03
    0.1428E+03
    0.1405E+03
    0.1382E+03
    0.1359E+03
    0.1337E+03
    0.1315E+03
    0.1293E+03
    0.1271E+03
    0.1250E+03
    0.1230E+03
    0.1210E+03
    0.1190E+03
    0.1171E+03
    0.1153E+03
    0.1135E+03
    0.1118E+03
    0.1698E+04
    0.1621E+04
    0.1551E+04
    0.1487E+04
    0.1429E+04
    0.1375E+04
    0.1327E+04
    0.1282E+04
    0.1242E+04
    0.1205E+04
    0.1171E+04
    0.1140E+04
    0.1111E+04
    0.1085E+04
    0.1061E+04
    0.1039E+04
    0.1019E+04
    0.1001E+04
    0.9838E+03
    0.9685E+03
    0.9544E+03
    0.9416E+03
    0.9298E+03
    0.9191E+03
    0.9093E+03
    0.9004E+03
    0.8922E+03
    0.8847E+03
    0.8778E+03
    0.8715E+03
    0.8657E+03
    0.8603E+03
    0.8553E+03
    0.8506E+03
    0.8462E+03
    0.8420E+03
    0.8379E+03
    0.8339E+03
    0.8300E+03
    0.8260E+03
    0.8220E+03
    0.8179E+03
    0.8137E+03
    0.8094E+03
    0.8050E+03
    0.8004E+03
    0.7958E+03
    0.7911E+03
    0.7863E+03
    0.7815E+03
    0.7765E+03
    0.7715E+03
    0.7664E+03
    0.7612E+03
    0.7559E+03
    0.7505E+03
    0.7451E+03
    0.7396E+03
    0.7340E+03
    0.7284E+03
    0.7227E+03
    0.7170E+03
    0.7112E+03
    0.7054E+03
    0.6995E+03
    0.6935E+03
    0.6875E+03
    0.6815E+03
    0.6755E+03
    0.6693E+03
    0.6632E+03
    0.6571E+03
    0.6509E+03
    0.6447E+03
    0.6384E+03
    0.6322E+03
    0.6259E+03
    0.6196E+03
    0.6133E+03
    0.6069E+03
    0.6005E+03
    0.5942E+03
    0.5878E+03
    0.5813E+03
    0.5749E+03
    0.5685E+03
    0.5620E+03
    0.5555E+03
    0.5490E+03
    0.5425E+03
    0.5360E+03
    0.5295E+03
    0.5230E+03
    0.5164E+03
    0.5099E+03
    0.5034E+03
    0.4969E+03
    0.4904E+03
    0.4839E+03
    0.4774E+03
    0.4710E+03
    0.4646E+03
    0.4582E+03
    0.4519E+03
    0.4456E+03
    0.4394E+03
    0.4332E+03
    0.4271E+03
    0.4211E+03
    0.4152E+03
    0.4093E+03
    0.4035E+03
    0.3978E+03
    0.3922E+03
    0.3867E+03
    0.3812E+03
    0.3759E+03
    0.3706E+03
    0.3655E+03
    0.3604E+03
    0.3555E+03
    0.3506E+03
    0.3459E+03
    0.3413E+03
    0.3367E+03
    0.3323E+03
    0.3280E+03
    0.3237E+03
    0.3196E+03
    0.3156E+03
    0.3116E+03
    0.3078E+03
    0.3040E+03
    0.3004E+03
    0.2968E+03
    0.2933E+03
    0.2899E+03
    0.2865E+03
    0.2833E+03
    0.2801E+03
    0.2770E+03
    0.2739E+03
    0.2709E+03
    0.2680E+03
    0.2651E+03
    0.2622E+03
    0.2595E+03
    0.2567E+03
    0.2540E+03
    0.2513E+03
    0.2487E+03
    0.2460E+03
    0.2434E+03
    0.2409E+03
    0.2383E+03
    0.2358E+03
    0.2332E+03
    0.2307E+03
    0.2282E+03
    0.2257E+03
    0.2232E+03
    0.2207E+03
    0.2182E+03
    0.2157E+03
    0.2131E+03
    0.2106E+03
    0.2081E+03
    0.2056E+03
    0.2030E+03
    0.2005E+03
    0.1979E+03
    0.1954E+03
    0.1928E+03
    0.1903E+03
    0.1877E+03
    0.1851E+03
    0.1825E+03
    0.1798E+03
    0.1772E+03
    0.1745E+03
    0.1718E+03
    0.1691E+03
    0.1664E+03
    0.1637E+03
    0.1610E+03
    0.1583E+03
    0.1556E+03
    0.1529E+03
    0.1502E+03
    0.1476E+03
    0.1451E+03
    0.1425E+03
    0.1401E+03
    0.1376E+03
    0.1353E+03
    0.1330E+03
    0.1307E+03
    0.1286E+03
    0.1265E+03
    0.1244E+03
    0.1225E+03
    0.1975E+04
    0.1884E+04
    0.1801E+04
    0.1725E+04
    0.1656E+04
    0.1594E+04
    0.1536E+04
    0.1484E+04
    0.1436E+04
    0.1392E+04
    0.1352E+04
    0.1315E+04
    0.1281E+04
    0.1251E+04
    0.1222E+04
    0.1196E+04
    0.1173E+04
    0.1151E+04
    0.1131E+04
    0.1113E+04
    0.1096E+04
    0.1081E+04
    0.1067E+04
    0.1054E+04
    0.1043E+04
    0.1032E+04
    0.1022E+04
    0.1013E+04
    0.1005E+04
    0.9974E+03
    0.9904E+03
    0.9839E+03
    0.9778E+03
    0.9721E+03
    0.9667E+03
    0.9615E+03
    0.9565E+03
    0.9516E+03
    0.9468E+03
    0.9420E+03
    0.9371E+03
    0.9321E+03
    0.9270E+03
    0.9217E+03
    0.9164E+03
    0.9109E+03
    0.9053E+03
    0.8996E+03
    0.8938E+03
    0.8879E+03
    0.8820E+03
    0.8760E+03
    0.8698E+03
    0.8636E+03
    0.8573E+03
    0.8509E+03
    0.8444E+03
    0.8379E+03
    0.8313E+03
    0.8246E+03
    0.8179E+03
    0.8111E+03
    0.8043E+03
    0.7974E+03
    0.7905E+03
    0.7835E+03
    0.7765E+03
    0.7694E+03
    0.7623E+03
    0.7552E+03
    0.7480E+03
    0.7408E+03
    0.7336E+03
    0.7264E+03
    0.7191E+03
    0.7118E+03
    0.7045E+03
    0.6972E+03
    0.6898E+03
    0.6824E+03
    0.6750E+03
    0.6676E+03
    0.6602E+03
    0.6527E+03
    0.6453E+03
    0.6378E+03
    0.6303E+03
    0.6227E+03
    0.6152E+03
    0.6077E+03
    0.6001E+03
    0.5926E+03
    0.5851E+03
    0.5775E+03
    0.5700E+03
    0.5625E+03
    0.5550E+03
    0.5476E+03
    0.5402E+03
    0.5328E+03
    0.5255E+03
    0.5182E+03
    0.5110E+03
    0.5038E+03
    0.4968E+03
    0.4898E+03
    0.4829E+03
    0.4760E+03
    0.4693E+03
    0.4627E+03
    0.4561E+03
    0.4497E+03
    0.4433E+03
    0.4371E+03
    0.4310E+03
    0.4250E+03
    0.4191E+03
    0.4134E+03
    0.4077E+03
    0.4022E+03
    0.3968E+03
    0.3915E+03
    0.3863E+03
    0.3812E+03
    0.3763E+03
    0.3715E+03
    0.3667E+03
    0.3621E+03
    0.3576E+03
    0.3532E+03
    0.3489E+03
    0.3448E+03
    0.3407E+03
    0.3367E+03
    0.3328E+03
    0.3290E+03
    0.3253E+03
    0.3216E+03
    0.3181E+03
    0.3146E+03
    0.3111E+03
    0.3078E+03
    0.3045E+03
    0.3012E+03
    0.2980E+03
    0.2949E+03
    0.2918E+03
    0.2887E+03
    0.2856E+03
    0.2826E+03
    0.2796E+03
    0.2767E+03
    0.2737E+03
    0.2708E+03
    0.2679E+03
    0.2650E+03
    0.2621E+03
    0.2592E+03
    0.2563E+03
    0.2534E+03
    0.2505E+03
    0.2476E+03
    0.2447E+03
    0.2418E+03
    0.2388E+03
    0.2359E+03
    0.2330E+03
    0.2300E+03
    0.2271E+03
    0.2241E+03
    0.2211E+03
    0.2182E+03
    0.2152E+03
    0.2122E+03
    0.2092E+03
    0.2062E+03
    0.2031E+03
    0.2001E+03
    0.1970E+03
    0.1939E+03
    0.1908E+03
    0.1876E+03
    0.1845E+03
    0.1813E+03
    0.1781E+03
    0.1750E+03
    0.1719E+03
    0.1688E+03
    0.1657E+03
    0.1627E+03
    0.1597E+03
    0.1568E+03
    0.1539E+03
    0.1511E+03
    0.1484E+03
    0.1458E+03
    0.1432E+03
    0.1407E+03
    0.1383E+03
    0.1360E+03
    0.1337E+03
    0.2388E+04
    0.2269E+04
    0.2161E+04
    0.2063E+04
    0.1974E+04
    0.1893E+04
    0.1819E+04
    0.1752E+04
    0.1691E+04
    0.1635E+04
    0.1584E+04
    0.1538E+04
    0.1495E+04
    0.1457E+04
    0.1421E+04
    0.1389E+04
    0.1359E+04
    0.1332E+04
    0.1307E+04
    0.1284E+04
    0.1264E+04
    0.1245E+04
    0.1227E+04
    0.1211E+04
    0.1197E+04
    0.1184E+04
    0.1172E+04
    0.1161E+04
    0.1151E+04
    0.1141E+04
    0.1133E+04
    0.1125E+04
    0.1117E+04
    0.1110E+04
    0.1104E+04
    0.1097E+04
    0.1091E+04
    0.1085E+04
    0.1079E+04
    0.1073E+04
    0.1067E+04
    0.1061E+04
    0.1055E+04
    0.1049E+04
    0.1042E+04
    0.1036E+04
    0.1029E+04
    0.1022E+04
    0.1015E+04
    0.1008E+04
    0.1001E+04
    0.9936E+03
    0.9863E+03
    0.9789E+03
    0.9714E+03
    0.9637E+03
    0.9561E+03
    0.9484E+03
    0.9406E+03
    0.9327E+03
    0.9248E+03
    0.9168E+03
    0.9088E+03
    0.9007E+03
    0.8926E+03
    0.8844E+03
    0.8762E+03
    0.8680E+03
    0.8597E+03
    0.8513E+03
    0.8430E+03
    0.8346E+03
    0.8262E+03
    0.8178E+03
    0.8093E+03
    0.8008E+03
    0.7923E+03
    0.7838E+03
    0.7753E+03
    0.7667E+03
    0.7581E+03
    0.7494E+03
    0.7408E+03
    0.7321E+03
    0.7235E+03
    0.7148E+03
    0.7061E+03
    0.6974E+03
    0.6887E+03
    0.6800E+03
    0.6713E+03
    0.6626E+03
    0.6539E+03
    0.6452E+03
    0.6366E+03
    0.6280E+03
    0.6195E+03
    0.6110E+03
    0.6026E+03
    0.5942E+03
    0.5859E+03
    0.5777E+03
    0.5696E+03
    0.5616E+03
    0.5536E+03
    0.5458E+03
    0.5381E+03
    0.5305E+03
    0.5230E+03
    0.5156E+03
    0.5084E+03
    0.5012E+03
    0.4942E+03
    0.4874E+03
    0.4806E+03
    0.4741E+03
    0.4676E+03
    0.4613E+03
    0.4551E+03
    0.4490E+03
    0.4431E+03
    0.4374E+03
    0.4317E+03
    0.4262E+03
    0.4208E+03
    0.4156E+03
    0.4104E+03
    0.4054E+03
    0.4005E+03
    0.3958E+03
    0.3911E+03
    0.3866E+03
    0.3821E+03
    0.3778E+03
    0.3735E+03
    0.3693E+03
    0.3653E+03
    0.3613E+03
    0.3573E+03
    0.3535E+03
    0.3497E+03
    0.3460E+03
    0.3423E+03
    0.3387E+03
    0.3351E+03
    0.3316E+03
    0.3281E+03
    0.3246E+03
    0.3212E+03
    0.3178E+03
    0.3144E+03
    0.3110E+03
    0.3077E+03
    0.3043E+03
    0.3010E+03
    0.2976E+03
    0.2943E+03
    0.2909E+03
    0.2876E+03
    0.2842E+03
    0.2809E+03
    0.2775E+03
    0.2741E+03
    0.2707E+03
    0.2673E+03
    0.2639E+03
    0.2605E+03
    0.2570E+03
    0.2536E+03
    0.2502E+03
    0.2467E+03
    0.2432E+03
    0.2398E+03
    0.2363E+03
    0.2328E+03
    0.2293E+03
    0.2258E+03
    0.2222E+03
    0.2186E+03
    0.2150E+03
    0.2114E+03
    0.2077E+03
    0.2041E+03
    0.2004E+03
    0.1967E+03
    0.1931E+03
    0.1894E+03
    0.1859E+03
    0.1823E+03
    0.1788E+03
    0.1754E+03
    0.1720E+03
    0.1687E+03
    0.1655E+03
    0.1624E+03
    0.1593E+03
    0.1564E+03
    0.1535E+03
    0.1507E+03
    0.1481E+03
    0.1455E+03
    0.2737E+04
    0.2601E+04
    0.2478E+04
    0.2366E+04
    0.2264E+04
    0.2172E+04
    0.2087E+04
    0.2010E+04
    0.1940E+04
    0.1876E+04
    0.1818E+04
    0.1764E+04
    0.1715E+04
    0.1671E+04
    0.1630E+04
    0.1592E+04
    0.1558E+04
    0.1526E+04
    0.1498E+04
    0.1471E+04
    0.1447E+04
    0.1425E+04
    0.1405E+04
    0.1387E+04
    0.1370E+04
    0.1354E+04
    0.1340E+04
    0.1327E+04
    0.1315E+04
    0.1304E+04
    0.1293E+04
    0.1284E+04
    0.1275E+04
    0.1266E+04
    0.1258E+04
    0.1251E+04
    0.1243E+04
    0.1236E+04
    0.1229E+04
    0.1222E+04
    0.1215E+04
    0.1207E+04
    0.1200E+04
    0.1192E+04
    0.1184E+04
    0.1176E+04
    0.1168E+04
    0.1160E+04
    0.1152E+04
    0.1143E+04
    0.1135E+04
    0.1126E+04
    0.1117E+04
    0.1109E+04
    0.1100E+04
    0.1091E+04
    0.1082E+04
    0.1073E+04
    0.1063E+04
    0.1054E+04
    0.1045E+04
    0.1035E+04
    0.1026E+04
    0.1017E+04
    0.1007E+04
    0.9975E+03
    0.9879E+03
    0.9783E+03
    0.9687E+03
    0.9589E+03
    0.9492E+03
    0.9395E+03
    0.9297E+03
    0.9199E+03
    0.9100E+03
    0.9002E+03
    0.8903E+03
    0.8804E+03
    0.8704E+03
    0.8605E+03
    0.8505E+03
    0.8405E+03
    0.8304E+03
    0.8204E+03
    0.8103E+03
    0.8003E+03
    0.7902E+03
    0.7802E+03
    0.7701E+03
    0.7601E+03
    0.7501E+03
    0.7401E+03
    0.7302E+03
    0.7203E+03
    0.7105E+03
    0.7007E+03
    0.6910E+03
    0.6814E+03
    0.6719E+03
    0.6624E+03
    0.6531E+03
    0.6439E+03
    0.6348E+03
    0.6258E+03
    0.6170E+03
    0.6083E+03
    0.5997E+03
    0.5912E+03
    0.5829E+03
    0.5748E+03
    0.5668E+03
    0.5589E+03
    0.5512E+03
    0.5437E+03
    0.5363E+03
    0.5291E+03
    0.5220E+03
    0.5151E+03
    0.5084E+03
    0.5018E+03
    0.4953E+03
    0.4891E+03
    0.4829E+03
    0.4769E+03
    0.4711E+03
    0.4654E+03
    0.4598E+03
    0.4543E+03
    0.4490E+03
    0.4438E+03
    0.4387E+03
    0.4338E+03
    0.4289E+03
    0.4242E+03
    0.4195E+03
    0.4149E+03
    0.4104E+03
    0.4060E+03
    0.4017E+03
    0.3974E+03
    0.3932E+03
    0.3891E+03
    0.3850E+03
    0.3809E+03
    0.3769E+03
    0.3729E+03
    0.3689E+03
    0.3650E+03
    0.3611E+03
    0.3572E+03
    0.3533E+03
    0.3495E+03
    0.3456E+03
    0.3418E+03
    0.3379E+03
    0.3340E+03
    0.3302E+03
    0.3263E+03
    0.3224E+03
    0.3185E+03
    0.3146E+03
    0.3107E+03
    0.3068E+03
    0.3028E+03
    0.2988E+03
    0.2948E+03
    0.2908E+03
    0.2868E+03
    0.2828E+03
    0.2788E+03
    0.2748E+03
    0.2708E+03
    0.2667E+03
    0.2627E+03
    0.2586E+03
    0.2546E+03
    0.2505E+03
    0.2463E+03
    0.2422E+03
    0.2380E+03
    0.2338E+03
    0.2295E+03
    0.2253E+03
    0.2210E+03
    0.2167E+03
    0.2125E+03
    0.2083E+03
    0.2042E+03
    0.2001E+03
    0.1960E+03
    0.1921E+03
    0.1882E+03
    0.1844E+03
    0.1807E+03
    0.1771E+03
    0.1736E+03
    0.1702E+03
    0.1669E+03
    0.1637E+03
    0.1607E+03
    0.1578E+03
    0.3318E+04
    0.3140E+04
    0.2979E+04
    0.2833E+04
    0.2702E+04
    0.2582E+04
    0.2474E+04
    0.2375E+04
    0.2286E+04
    0.2204E+04
    0.2130E+04
    0.2062E+04
    0.2001E+04
    0.1944E+04
    0.1893E+04
    0.1846E+04
    0.1803E+04
    0.1764E+04
    0.1728E+04
    0.1695E+04
    0.1666E+04
    0.1638E+04
    0.1613E+04
    0.1591E+04
    0.1570E+04
    0.1551E+04
    0.1533E+04
    0.1517E+04
    0.1502E+04
    0.1489E+04
    0.1476E+04
    0.1465E+04
    0.1454E+04
    0.1444E+04
    0.1434E+04
    0.1425E+04
    0.1416E+04
    0.1407E+04
    0.1398E+04
    0.1390E+04
    0.1381E+04
    0.1372E+04
    0.1363E+04
    0.1354E+04
    0.1344E+04
    0.1335E+04
    0.1325E+04
    0.1315E+04
    0.1305E+04
    0.1295E+04
    0.1285E+04
    0.1275E+04
    0.1265E+04
    0.1254E+04
    0.1244E+04
    0.1233E+04
    0.1223E+04
    0.1212E+04
    0.1201E+04
    0.1190E+04
    0.1179E+04
    0.1168E+04
    0.1157E+04
    0.1146E+04
    0.1135E+04
    0.1124E+04
    0.1113E+04
    0.1102E+04
    0.1091E+04
    0.1079E+04
    0.1068E+04
    0.1057E+04
    0.1045E+04
    0.1034E+04
    0.1022E+04
    0.1011E+04
    0.9994E+03
    0.9879E+03
    0.9764E+03
    0.9648E+03
    0.9532E+03
    0.9416E+03
    0.9300E+03
    0.9184E+03
    0.9068E+03
    0.8951E+03
    0.8836E+03
    0.8720E+03
    0.8604E+03
    0.8490E+03
    0.8375E+03
    0.8261E+03
    0.8148E+03
    0.8036E+03
    0.7924E+03
    0.7814E+03
    0.7704E+03
    0.7596E+03
    0.7489E+03
    0.7383E+03
    0.7278E+03
    0.7176E+03
    0.7074E+03
    0.6974E+03
    0.6876E+03
    0.6779E+03
    0.6684E+03
    0.6591E+03
    0.6499E+03
    0.6410E+03
    0.6322E+03
    0.6235E+03
    0.6151E+03
    0.6069E+03
    0.5988E+03
    0.5909E+03
    0.5832E+03
    0.5757E+03
    0.5684E+03
    0.5612E+03
    0.5542E+03
    0.5473E+03
    0.5407E+03
    0.5341E+03
    0.5278E+03
    0.5216E+03
    0.5155E+03
    0.5096E+03
    0.5038E+03
    0.4981E+03
    0.4925E+03
    0.4871E+03
    0.4818E+03
    0.4765E+03
    0.4714E+03
    0.4664E+03
    0.4614E+03
    0.4565E+03
    0.4517E+03
    0.4469E+03
    0.4422E+03
    0.4375E+03
    0.4329E+03
    0.4283E+03
    0.4238E+03
    0.4193E+03
    0.4148E+03
    0.4103E+03
    0.4058E+03
    0.4014E+03
    0.3969E+03
    0.3924E+03
    0.3880E+03
    0.3835E+03
    0.3790E+03
    0.3746E+03
    0.3701E+03
    0.3656E+03
    0.3611E+03
    0.3565E+03
    0.3520E+03
    0.3474E+03
    0.3428E+03
    0.3382E+03
    0.3336E+03
    0.3289E+03
    0.3243E+03
    0.3196E+03
    0.3149E+03
    0.3103E+03
    0.3056E+03
    0.3009E+03
    0.2962E+03
    0.2915E+03
    0.2868E+03
    0.2821E+03
    0.2773E+03
    0.2725E+03
    0.2677E+03
    0.2629E+03
    0.2580E+03
    0.2531E+03
    0.2481E+03
    0.2432E+03
    0.2382E+03
    0.2333E+03
    0.2284E+03
    0.2236E+03
    0.2189E+03
    0.2142E+03
    0.2096E+03
    0.2052E+03
    0.2008E+03
    0.1965E+03
    0.1924E+03
    0.1884E+03
    0.1845E+03
    0.1808E+03
    0.1772E+03
    0.1737E+03
    0.1704E+03
    0.3681E+04
    0.3492E+04
    0.3321E+04
    0.3167E+04
    0.3026E+04
    0.2898E+04
    0.2782E+04
    0.2676E+04
    0.2579E+04
    0.2491E+04
    0.2410E+04
    0.2336E+04
    0.2269E+04
    0.2207E+04
    0.2151E+04
    0.2099E+04
    0.2052E+04
    0.2008E+04
    0.1969E+04
    0.1932E+04
    0.1899E+04
    0.1868E+04
    0.1840E+04
    0.1814E+04
    0.1791E+04
    0.1769E+04
    0.1749E+04
    0.1730E+04
    0.1713E+04
    0.1697E+04
    0.1683E+04
    0.1669E+04
    0.1656E+04
    0.1644E+04
    0.1632E+04
    0.1621E+04
    0.1610E+04
    0.1600E+04
    0.1589E+04
    0.1579E+04
    0.1568E+04
    0.1558E+04
    0.1547E+04
    0.1536E+04
    0.1525E+04
    0.1513E+04
    0.1502E+04
    0.1490E+04
    0.1478E+04
    0.1466E+04
    0.1454E+04
    0.1442E+04
    0.1430E+04
    0.1418E+04
    0.1406E+04
    0.1393E+04
    0.1381E+04
    0.1368E+04
    0.1356E+04
    0.1343E+04
    0.1330E+04
    0.1317E+04
    0.1305E+04
    0.1292E+04
    0.1279E+04
    0.1266E+04
    0.1253E+04
    0.1240E+04
    0.1227E+04
    0.1214E+04
    0.1200E+04
    0.1187E+04
    0.1174E+04
    0.1161E+04
    0.1147E+04
    0.1134E+04
    0.1121E+04
    0.1107E+04
    0.1094E+04
    0.1081E+04
    0.1067E+04
    0.1054E+04
    0.1040E+04
    0.1027E+04
    0.1014E+04
    0.1000E+04
    0.9870E+03
    0.9737E+03
    0.9606E+03
    0.9474E+03
    0.9344E+03
    0.9215E+03
    0.9087E+03
    0.8960E+03
    0.8834E+03
    0.8710E+03
    0.8587E+03
    0.8465E+03
    0.8346E+03
    0.8227E+03
    0.8111E+03
    0.7996E+03
    0.7884E+03
    0.7773E+03
    0.7665E+03
    0.7558E+03
    0.7453E+03
    0.7351E+03
    0.7250E+03
    0.7152E+03
    0.7055E+03
    0.6961E+03
    0.6869E+03
    0.6779E+03
    0.6691E+03
    0.6605E+03
    0.6521E+03
    0.6440E+03
    0.6360E+03
    0.6282E+03
    0.6205E+03
    0.6131E+03
    0.6058E+03
    0.5988E+03
    0.5918E+03
    0.5851E+03
    0.5784E+03
    0.5720E+03
    0.5656E+03
    0.5594E+03
    0.5533E+03
    0.5473E+03
    0.5414E+03
    0.5356E+03
    0.5299E+03
    0.5243E+03
    0.5188E+03
    0.5133E+03
    0.5079E+03
    0.5026E+03
    0.4973E+03
    0.4920E+03
    0.4868E+03
    0.4815E+03
    0.4764E+03
    0.4712E+03
    0.4660E+03
    0.4609E+03
    0.4558E+03
    0.4506E+03
    0.4455E+03
    0.4403E+03
    0.4351E+03
    0.4300E+03
    0.4248E+03
    0.4196E+03
    0.4143E+03
    0.4091E+03
    0.4038E+03
    0.3986E+03
    0.3932E+03
    0.3879E+03
    0.3826E+03
    0.3772E+03
    0.3718E+03
    0.3664E+03
    0.3610E+03
    0.3555E+03
    0.3501E+03
    0.3447E+03
    0.3392E+03
    0.3338E+03
    0.3284E+03
    0.3229E+03
    0.3175E+03
    0.3120E+03
    0.3065E+03
    0.3009E+03
    0.2953E+03
    0.2897E+03
    0.2840E+03
    0.2783E+03
    0.2726E+03
    0.2668E+03
    0.2611E+03
    0.2554E+03
    0.2498E+03
    0.2442E+03
    0.2387E+03
    0.2333E+03
    0.2281E+03
    0.2229E+03
    0.2179E+03
    0.2130E+03
    0.2082E+03
    0.2036E+03
    0.1992E+03
    0.1949E+03
    0.1908E+03
    0.1869E+03
    0.1831E+03
    0.4288E+04
    0.4063E+04
    0.3860E+04
    0.3676E+04
    0.3509E+04
    0.3357E+04
    0.3219E+04
    0.3093E+04
    0.2978E+04
    0.2874E+04
    0.2778E+04
    0.2691E+04
    0.2611E+04
    0.2538E+04
    0.2472E+04
    0.2411E+04
    0.2355E+04
    0.2303E+04
    0.2256E+04
    0.2213E+04
    0.2174E+04
    0.2137E+04
    0.2104E+04
    0.2073E+04
    0.2045E+04
    0.2019E+04
    0.1996E+04
    0.1974E+04
    0.1953E+04
    0.1935E+04
    0.1917E+04
    0.1901E+04
    0.1885E+04
    0.1870E+04
    0.1857E+04
    0.1843E+04
    0.1830E+04
    0.1817E+04
    0.1805E+04
    0.1792E+04
    0.1780E+04
    0.1767E+04
    0.1754E+04
    0.1741E+04
    0.1727E+04
    0.1714E+04
    0.1700E+04
    0.1687E+04
    0.1673E+04
    0.1659E+04
    0.1645E+04
    0.1630E+04
    0.1616E+04
    0.1602E+04
    0.1587E+04
    0.1573E+04
    0.1558E+04
    0.1543E+04
    0.1529E+04
    0.1514E+04
    0.1499E+04
    0.1484E+04
    0.1469E+04
    0.1454E+04
    0.1439E+04
    0.1424E+04
    0.1409E+04
    0.1394E+04
    0.1379E+04
    0.1363E+04
    0.1348E+04
    0.1333E+04
    0.1317E+04
    0.1302E+04
    0.1287E+04
    0.1271E+04
    0.1256E+04
    0.1240E+04
    0.1225E+04
    0.1209E+04
    0.1194E+04
    0.1178E+04
    0.1163E+04
    0.1147E+04
    0.1132E+04
    0.1117E+04
    0.1102E+04
    0.1087E+04
    0.1072E+04
    0.1057E+04
    0.1042E+04
    0.1027E+04
    0.1013E+04
    0.9987E+03
    0.9845E+03
    0.9706E+03
    0.9569E+03
    0.9434E+03
    0.9300E+03
    0.9169E+03
    0.9040E+03
    0.8913E+03
    0.8789E+03
    0.8667E+03
    0.8547E+03
    0.8430E+03
    0.8315E+03
    0.8203E+03
    0.8093E+03
    0.7985E+03
    0.7880E+03
    0.7777E+03
    0.7677E+03
    0.7579E+03
    0.7483E+03
    0.7390E+03
    0.7299E+03
    0.7210E+03
    0.7123E+03
    0.7038E+03
    0.6955E+03
    0.6874E+03
    0.6795E+03
    0.6718E+03
    0.6642E+03
    0.6568E+03
    0.6495E+03
    0.6424E+03
    0.6355E+03
    0.6286E+03
    0.6219E+03
    0.6152E+03
    0.6087E+03
    0.6023E+03
    0.5959E+03
    0.5897E+03
    0.5834E+03
    0.5773E+03
    0.5712E+03
    0.5651E+03
    0.5591E+03
    0.5531E+03
    0.5471E+03
    0.5411E+03
    0.5352E+03
    0.5293E+03
    0.5233E+03
    0.5174E+03
    0.5114E+03
    0.5055E+03
    0.4995E+03
    0.4935E+03
    0.4875E+03
    0.4815E+03
    0.4754E+03
    0.4694E+03
    0.4633E+03
    0.4572E+03
    0.4510E+03
    0.4449E+03
    0.4387E+03
    0.4325E+03
    0.4263E+03
    0.4200E+03
    0.4137E+03
    0.4074E+03
    0.4011E+03
    0.3948E+03
    0.3885E+03
    0.3822E+03
    0.3759E+03
    0.3696E+03
    0.3633E+03
    0.3570E+03
    0.3507E+03
    0.3443E+03
    0.3379E+03
    0.3315E+03
    0.3250E+03
    0.3185E+03
    0.3119E+03
    0.3053E+03
    0.2986E+03
    0.2919E+03
    0.2853E+03
    0.2787E+03
    0.2722E+03
    0.2658E+03
    0.2594E+03
    0.2532E+03
    0.2472E+03
    0.2412E+03
    0.2354E+03
    0.2298E+03
    0.2244E+03
    0.2192E+03
    0.2141E+03
    0.2092E+03
    0.2046E+03
    0.2001E+03
    0.1958E+03
    0.4715E+04
    0.4482E+04
    0.4270E+04
    0.4078E+04
    0.3903E+04
    0.3743E+04
    0.3598E+04
    0.3465E+04
    0.3343E+04
    0.3231E+04
    0.3129E+04
    0.3036E+04
    0.2950E+04
    0.2871E+04
    0.2798E+04
    0.2732E+04
    0.2671E+04
    0.2615E+04
    0.2563E+04
    0.2515E+04
    0.2472E+04
    0.2431E+04
    0.2394E+04
    0.2360E+04
    0.2328E+04
    0.2299E+04
    0.2272E+04
    0.2247E+04
    0.2223E+04
    0.2201E+04
    0.2181E+04
    0.2162E+04
    0.2143E+04
    0.2126E+04
    0.2110E+04
    0.2094E+04
    0.2078E+04
    0.2063E+04
    0.2048E+04
    0.2033E+04
    0.2018E+04
    0.2003E+04
    0.1987E+04
    0.1971E+04
    0.1956E+04
    0.1940E+04
    0.1924E+04
    0.1907E+04
    0.1891E+04
    0.1875E+04
    0.1858E+04
    0.1841E+04
    0.1825E+04
    0.1808E+04
    0.1791E+04
    0.1774E+04
    0.1757E+04
    0.1740E+04
    0.1722E+04
    0.1705E+04
    0.1688E+04
    0.1671E+04
    0.1653E+04
    0.1636E+04
    0.1618E+04
    0.1601E+04
    0.1583E+04
    0.1566E+04
    0.1548E+04
    0.1530E+04
    0.1512E+04
    0.1495E+04
    0.1477E+04
    0.1459E+04
    0.1441E+04
    0.1423E+04
    0.1405E+04
    0.1387E+04
    0.1370E+04
    0.1352E+04
    0.1334E+04
    0.1316E+04
    0.1299E+04
    0.1281E+04
    0.1263E+04
    0.1246E+04
    0.1229E+04
    0.1212E+04
    0.1195E+04
    0.1178E+04
    0.1161E+04
    0.1145E+04
    0.1129E+04
    0.1113E+04
    0.1097E+04
    0.1082E+04
    0.1066E+04
    0.1051E+04
    0.1037E+04
    0.1022E+04
    0.1008E+04
    0.9939E+03
    0.9802E+03
    0.9668E+03
    0.9537E+03
    0.9409E+03
    0.9283E+03
    0.9160E+03
    0.9040E+03
    0.8923E+03
    0.8808E+03
    0.8696E+03
    0.8587E+03
    0.8481E+03
    0.8377E+03
    0.8275E+03
    0.8176E+03
    0.8079E+03
    0.7984E+03
    0.7892E+03
    0.7802E+03
    0.7714E+03
    0.7627E+03
    0.7543E+03
    0.7460E+03
    0.7378E+03
    0.7298E+03
    0.7220E+03
    0.7143E+03
    0.7067E+03
    0.6992E+03
    0.6918E+03
    0.6845E+03
    0.6773E+03
    0.6702E+03
    0.6631E+03
    0.6561E+03
    0.6491E+03
    0.6422E+03
    0.6353E+03
    0.6284E+03
    0.6215E+03
    0.6146E+03
    0.6078E+03
    0.6009E+03
    0.5940E+03
    0.5871E+03
    0.5803E+03
    0.5734E+03
    0.5664E+03
    0.5595E+03
    0.5525E+03
    0.5455E+03
    0.5385E+03
    0.5315E+03
    0.5244E+03
    0.5173E+03
    0.5102E+03
    0.5030E+03
    0.4959E+03
    0.4887E+03
    0.4814E+03
    0.4742E+03
    0.4669E+03
    0.4596E+03
    0.4523E+03
    0.4450E+03
    0.4377E+03
    0.4303E+03
    0.4230E+03
    0.4157E+03
    0.4084E+03
    0.4011E+03
    0.3938E+03
    0.3864E+03
    0.3791E+03
    0.3717E+03
    0.3642E+03
    0.3567E+03
    0.3491E+03
    0.3415E+03
    0.3338E+03
    0.3261E+03
    0.3184E+03
    0.3107E+03
    0.3031E+03
    0.2956E+03
    0.2882E+03
    0.2809E+03
    0.2738E+03
    0.2668E+03
    0.2600E+03
    0.2534E+03
    0.2469E+03
    0.2407E+03
    0.2348E+03
    0.2290E+03
    0.2235E+03
    0.2182E+03
    0.2132E+03
    0.2084E+03
    0.5460E+04
    0.5186E+04
    0.4936E+04
    0.4710E+04
    0.4504E+04
    0.4316E+04
    0.4144E+04
    0.3988E+04
    0.3844E+04
    0.3713E+04
    0.3594E+04
    0.3484E+04
    0.3383E+04
    0.3290E+04
    0.3205E+04
    0.3127E+04
    0.3056E+04
    0.2990E+04
    0.2929E+04
    0.2873E+04
    0.2822E+04
    0.2774E+04
    0.2731E+04
    0.2690E+04
    0.2653E+04
    0.2618E+04
    0.2586E+04
    0.2557E+04
    0.2529E+04
    0.2503E+04
    0.2479E+04
    0.2456E+04
    0.2435E+04
    0.2414E+04
    0.2395E+04
    0.2376E+04
    0.2357E+04
    0.2339E+04
    0.2321E+04
    0.2303E+04
    0.2286E+04
    0.2267E+04
    0.2249E+04
    0.2231E+04
    0.2212E+04
    0.2193E+04
    0.2174E+04
    0.2155E+04
    0.2136E+04
    0.2117E+04
    0.2097E+04
    0.2078E+04
    0.2058E+04
    0.2039E+04
    0.2019E+04
    0.1999E+04
    0.1979E+04
    0.1959E+04
    0.1939E+04
    0.1919E+04
    0.1899E+04
    0.1879E+04
    0.1859E+04
    0.1838E+04
    0.1818E+04
    0.1798E+04
    0.1777E+04
    0.1757E+04
    0.1736E+04
    0.1716E+04
    0.1695E+04
    0.1674E+04
    0.1654E+04
    0.1633E+04
    0.1612E+04
    0.1592E+04
    0.1571E+04
    0.1551E+04
    0.1530E+04
    0.1510E+04
    0.1489E+04
    0.1469E+04
    0.1449E+04
    0.1429E+04
    0.1409E+04
    0.1390E+04
    0.1370E+04
    0.1351E+04
    0.1332E+04
    0.1313E+04
    0.1294E+04
    0.1276E+04
    0.1258E+04
    0.1240E+04
    0.1223E+04
    0.1206E+04
    0.1189E+04
    0.1172E+04
    0.1156E+04
    0.1140E+04
    0.1124E+04
    0.1109E+04
    0.1094E+04
    0.1079E+04
    0.1065E+04
    0.1051E+04
    0.1037E+04
    0.1024E+04
    0.1011E+04
    0.9979E+03
    0.9855E+03
    0.9733E+03
    0.9614E+03
    0.9498E+03
    0.9385E+03
    0.9275E+03
    0.9167E+03
    0.9061E+03
    0.8958E+03
    0.8857E+03
    0.8759E+03
    0.8662E+03
    0.8567E+03
    0.8474E+03
    0.8383E+03
    0.8293E+03
    0.8205E+03
    0.8117E+03
    0.8032E+03
    0.7947E+03
    0.7863E+03
    0.7780E+03
    0.7698E+03
    0.7617E+03
    0.7536E+03
    0.7456E+03
    0.7376E+03
    0.7296E+03
    0.7217E+03
    0.7137E+03
    0.7058E+03
    0.6979E+03
    0.6899E+03
    0.6820E+03
    0.6741E+03
    0.6661E+03
    0.6581E+03
    0.6501E+03
    0.6421E+03
    0.6340E+03
    0.6259E+03
    0.6178E+03
    0.6096E+03
    0.6015E+03
    0.5933E+03
    0.5850E+03
    0.5768E+03
    0.5685E+03
    0.5602E+03
    0.5518E+03
    0.5434E+03
    0.5350E+03
    0.5266E+03
    0.5181E+03
    0.5097E+03
    0.5012E+03
    0.4927E+03
    0.4842E+03
    0.4757E+03
    0.4672E+03
    0.4587E+03
    0.4503E+03
    0.4418E+03
    0.4333E+03
    0.4248E+03
    0.4163E+03
    0.4077E+03
    0.3991E+03
    0.3904E+03
    0.3816E+03
    0.3728E+03
    0.3639E+03
    0.3550E+03
    0.3461E+03
    0.3372E+03
    0.3285E+03
    0.3198E+03
    0.3112E+03
    0.3029E+03
    0.2947E+03
    0.2867E+03
    0.2789E+03
    0.2713E+03
    0.2640E+03
    0.2570E+03
    0.2502E+03
    0.2437E+03
    0.2374E+03
    0.2315E+03
    0.2258E+03
    0.2204E+03
    0.6180E+04
    0.5874E+04
    0.5595E+04
    0.5342E+04
    0.5111E+04
    0.4900E+04
    0.4707E+04
    0.4531E+04
    0.4370E+04
    0.4223E+04
    0.4088E+04
    0.3963E+04
    0.3849E+04
    0.3745E+04
    0.3648E+04
    0.3560E+04
    0.3478E+04
    0.3403E+04
    0.3334E+04
    0.3270E+04
    0.3211E+04
    0.3157E+04
    0.3107E+04
    0.3060E+04
    0.3017E+04
    0.2977E+04
    0.2940E+04
    0.2906E+04
    0.2874E+04
    0.2844E+04
    0.2815E+04
    0.2788E+04
    0.2763E+04
    0.2739E+04
    0.2716E+04
    0.2693E+04
    0.2671E+04
    0.2650E+04
    0.2629E+04
    0.2608E+04
    0.2587E+04
    0.2565E+04
    0.2544E+04
    0.2522E+04
    0.2500E+04
    0.2478E+04
    0.2456E+04
    0.2433E+04
    0.2411E+04
    0.2388E+04
    0.2365E+04
    0.2343E+04
    0.2320E+04
    0.2297E+04
    0.2274E+04
    0.2251E+04
    0.2228E+04
    0.2205E+04
    0.2181E+04
    0.2158E+04
    0.2135E+04
    0.2111E+04
    0.2088E+04
    0.2064E+04
    0.2040E+04
    0.2017E+04
    0.1993E+04
    0.1969E+04
    0.1946E+04
    0.1922E+04
    0.1898E+04
    0.1874E+04
    0.1850E+04
    0.1826E+04
    0.1803E+04
    0.1779E+04
    0.1755E+04
    0.1732E+04
    0.1708E+04
    0.1685E+04
    0.1662E+04
    0.1639E+04
    0.1616E+04
    0.1593E+04
    0.1571E+04
    0.1549E+04
    0.1527E+04
    0.1505E+04
    0.1484E+04
    0.1463E+04
    0.1442E+04
    0.1422E+04
    0.1402E+04
    0.1382E+04
    0.1363E+04
    0.1344E+04
    0.1325E+04
    0.1307E+04
    0.1289E+04
    0.1272E+04
    0.1255E+04
    0.1238E+04
    0.1222E+04
    0.1206E+04
    0.1190E+04
    0.1175E+04
    0.1160E+04
    0.1145E+04
    0.1131E+04
    0.1117E+04
    0.1104E+04
    0.1090E+04
    0.1077E+04
    0.1065E+04
    0.1052E+04
    0.1040E+04
    0.1029E+04
    0.1017E+04
    0.1006E+04
    0.9948E+03
    0.9839E+03
    0.9733E+03
    0.9628E+03
    0.9525E+03
    0.9424E+03
    0.9324E+03
    0.9226E+03
    0.9129E+03
    0.9032E+03
    0.8937E+03
    0.8843E+03
    0.8749E+03
    0.8656E+03
    0.8563E+03
    0.8471E+03
    0.8379E+03
    0.8288E+03
    0.8196E+03
    0.8105E+03
    0.8013E+03
    0.7921E+03
    0.7830E+03
    0.7738E+03
    0.7646E+03
    0.7553E+03
    0.7461E+03
    0.7368E+03
    0.7275E+03
    0.7181E+03
    0.7087E+03
    0.6993E+03
    0.6898E+03
    0.6803E+03
    0.6708E+03
    0.6612E+03
    0.6517E+03
    0.6420E+03
    0.6324E+03
    0.6227E+03
    0.6130E+03
    0.6033E+03
    0.5935E+03
    0.5837E+03
    0.5739E+03
    0.5641E+03
    0.5543E+03
    0.5444E+03
    0.5346E+03
    0.5247E+03
    0.5149E+03
    0.5051E+03
    0.4953E+03
    0.4854E+03
    0.4756E+03
    0.4658E+03
    0.4559E+03
    0.4459E+03
    0.4359E+03
    0.4259E+03
    0.4158E+03
    0.4056E+03
    0.3953E+03
    0.3850E+03
    0.3747E+03
    0.3645E+03
    0.3544E+03
    0.3445E+03
    0.3347E+03
    0.3251E+03
    0.3158E+03
    0.3066E+03
    0.2978E+03
    0.2892E+03
    0.2809E+03
    0.2729E+03
    0.2653E+03
    0.2579E+03
    0.2509E+03
    0.2442E+03
    0.2379E+03
    0.2318E+03
    0.7060E+04
    0.6709E+04
    0.6391E+04
    0.6101E+04
    0.5836E+04
    0.5595E+04
    0.5374E+04
    0.5173E+04
    0.4988E+04
    0.4819E+04
    0.4664E+04
    0.4521E+04
    0.4390E+04
    0.4270E+04
    0.4159E+04
    0.4057E+04
    0.3963E+04
    0.3877E+04
    0.3797E+04
    0.3723E+04
    0.3655E+04
    0.3592E+04
    0.3534E+04
    0.3480E+04
    0.3430E+04
    0.3384E+04
    0.3341E+04
    0.3300E+04
    0.3263E+04
    0.3227E+04
    0.3194E+04
    0.3163E+04
    0.3133E+04
    0.3104E+04
    0.3077E+04
    0.3050E+04
    0.3025E+04
    0.2999E+04
    0.2974E+04
    0.2949E+04
    0.2925E+04
    0.2899E+04
    0.2874E+04
    0.2848E+04
    0.2823E+04
    0.2797E+04
    0.2771E+04
    0.2745E+04
    0.2719E+04
    0.2692E+04
    0.2666E+04
    0.2639E+04
    0.2613E+04
    0.2586E+04
    0.2559E+04
    0.2532E+04
    0.2505E+04
    0.2478E+04
    0.2451E+04
    0.2424E+04
    0.2397E+04
    0.2370E+04
    0.2343E+04
    0.2315E+04
    0.2288E+04
    0.2260E+04
    0.2233E+04
    0.2205E+04
    0.2178E+04
    0.2150E+04
    0.2123E+04
    0.2095E+04
    0.2068E+04
    0.2040E+04
    0.2013E+04
    0.1986E+04
    0.1959E+04
    0.1932E+04
    0.1906E+04
    0.1879E+04
    0.1853E+04
    0.1827E+04
    0.1801E+04
    0.1776E+04
    0.1751E+04
    0.1726E+04
    0.1702E+04
    0.1678E+04
    0.1654E+04
    0.1630E+04
    0.1608E+04
    0.1585E+04
    0.1563E+04
    0.1541E+04
    0.1520E+04
    0.1499E+04
    0.1479E+04
    0.1459E+04
    0.1439E+04
    0.1420E+04
    0.1401E+04
    0.1383E+04
    0.1365E+04
    0.1348E+04
    0.1331E+04
    0.1314E+04
    0.1298E+04
    0.1282E+04
    0.1267E+04
    0.1252E+04
    0.1237E+04
    0.1222E+04
    0.1208E+04
    0.1195E+04
    0.1181E+04
    0.1168E+04
    0.1155E+04
    0.1142E+04
    0.1130E+04
    0.1118E+04
    0.1106E+04
    0.1094E+04
    0.1083E+04
    0.1071E+04
    0.1060E+04
    0.1049E+04
    0.1038E+04
    0.1027E+04
    0.1016E+04
    0.1005E+04
    0.9942E+03
    0.9835E+03
    0.9729E+03
    0.9623E+03
    0.9517E+03
    0.9412E+03
    0.9306E+03
    0.9200E+03
    0.9095E+03
    0.8989E+03
    0.8882E+03
    0.8776E+03
    0.8669E+03
    0.8562E+03
    0.8455E+03
    0.8347E+03
    0.8239E+03
    0.8130E+03
    0.8021E+03
    0.7911E+03
    0.7802E+03
    0.7691E+03
    0.7581E+03
    0.7470E+03
    0.7358E+03
    0.7247E+03
    0.7135E+03
    0.7023E+03
    0.6910E+03
    0.6798E+03
    0.6685E+03
    0.6571E+03
    0.6458E+03
    0.6344E+03
    0.6230E+03
    0.6116E+03
    0.6002E+03
    0.5888E+03
    0.5774E+03
    0.5660E+03
    0.5546E+03
    0.5433E+03
    0.5319E+03
    0.5205E+03
    0.5091E+03
    0.4976E+03
    0.4861E+03
    0.4746E+03
    0.4630E+03
    0.4513E+03
    0.4395E+03
    0.4277E+03
    0.4159E+03
    0.4041E+03
    0.3924E+03
    0.3809E+03
    0.3695E+03
    0.3583E+03
    0.3474E+03
    0.3368E+03
    0.3264E+03
    0.3164E+03
    0.3067E+03
    0.2974E+03
    0.2884E+03
    0.2798E+03
    0.2716E+03
    0.2637E+03
    0.2562E+03
    0.2491E+03
    0.2424E+03
    0.7790E+04
    0.7422E+04
    0.7087E+04
    0.6781E+04
    0.6500E+04
    0.6244E+04
    0.6009E+04
    0.5793E+04
    0.5595E+04
    0.5413E+04
    0.5246E+04
    0.5092E+04
    0.4950E+04
    0.4819E+04
    0.4698E+04
    0.4586E+04
    0.4483E+04
    0.4388E+04
    0.4300E+04
    0.4218E+04
    0.4142E+04
    0.4072E+04
    0.4007E+04
    0.3946E+04
    0.3890E+04
    0.3838E+04
    0.3788E+04
    0.3742E+04
    0.3699E+04
    0.3658E+04
    0.3620E+04
    0.3584E+04
    0.3549E+04
    0.3515E+04
    0.3483E+04
    0.3452E+04
    0.3422E+04
    0.3392E+04
    0.3363E+04
    0.3333E+04
    0.3304E+04
    0.3274E+04
    0.3245E+04
    0.3215E+04
    0.3185E+04
    0.3155E+04
    0.3124E+04
    0.3094E+04
    0.3063E+04
    0.3032E+04
    0.3002E+04
    0.2971E+04
    0.2940E+04
    0.2909E+04
    0.2878E+04
    0.2847E+04
    0.2815E+04
    0.2784E+04
    0.2752E+04
    0.2721E+04
    0.2689E+04
    0.2658E+04
    0.2626E+04
    0.2594E+04
    0.2563E+04
    0.2531E+04
    0.2499E+04
    0.2467E+04
    0.2435E+04
    0.2404E+04
    0.2372E+04
    0.2341E+04
    0.2309E+04
    0.2278E+04
    0.2247E+04
    0.2216E+04
    0.2185E+04
    0.2155E+04
    0.2125E+04
    0.2095E+04
    0.2065E+04
    0.2036E+04
    0.2007E+04
    0.1979E+04
    0.1951E+04
    0.1923E+04
    0.1896E+04
    0.1870E+04
    0.1843E+04
    0.1818E+04
    0.1792E+04
    0.1767E+04
    0.1743E+04
    0.1719E+04
    0.1696E+04
    0.1673E+04
    0.1651E+04
    0.1629E+04
    0.1608E+04
    0.1587E+04
    0.1566E+04
    0.1546E+04
    0.1527E+04
    0.1508E+04
    0.1490E+04
    0.1472E+04
    0.1454E+04
    0.1437E+04
    0.1420E+04
    0.1403E+04
    0.1387E+04
    0.1372E+04
    0.1356E+04
    0.1341E+04
    0.1327E+04
    0.1312E+04
    0.1298E+04
    0.1284E+04
    0.1270E+04
    0.1257E+04
    0.1243E+04
    0.1230E+04
    0.1217E+04
    0.1204E+04
    0.1192E+04
    0.1179E+04
    0.1167E+04
    0.1154E+04
    0.1142E+04
    0.1130E+04
    0.1117E+04
    0.1105E+04
    0.1093E+04
    0.1081E+04
    0.1069E+04
    0.1056E+04
    0.1044E+04
    0.1032E+04
    0.1020E+04
    0.1007E+04
    0.9949E+03
    0.9825E+03
    0.9701E+03
    0.9576E+03
    0.9451E+03
    0.9325E+03
    0.9199E+03
    0.9073E+03
    0.8945E+03
    0.8818E+03
    0.8690E+03
    0.8562E+03
    0.8433E+03
    0.8304E+03
    0.8175E+03
    0.8045E+03
    0.7915E+03
    0.7785E+03
    0.7654E+03
    0.7524E+03
    0.7393E+03
    0.7261E+03
    0.7130E+03
    0.6998E+03
    0.6866E+03
    0.6734E+03
    0.6602E+03
    0.6469E+03
    0.6337E+03
    0.6205E+03
    0.6073E+03
    0.5942E+03
    0.5810E+03
    0.5678E+03
    0.5546E+03
    0.5413E+03
    0.5281E+03
    0.5147E+03
    0.5013E+03
    0.4879E+03
    0.4744E+03
    0.4608E+03
    0.4473E+03
    0.4338E+03
    0.4205E+03
    0.4073E+03
    0.3944E+03
    0.3818E+03
    0.3694E+03
    0.3574E+03
    0.3458E+03
    0.3345E+03
    0.3236E+03
    0.3131E+03
    0.3031E+03
    0.2935E+03
    0.2843E+03
    0.2756E+03
    0.2673E+03
    0.2594E+03
    0.2520E+03
    0.8964E+04
    0.8534E+04
    0.8142E+04
    0.7784E+04
    0.7457E+04
    0.7158E+04
    0.6884E+04
    0.6632E+04
    0.6401E+04
    0.6189E+04
    0.5994E+04
    0.5815E+04
    0.5649E+04
    0.5497E+04
    0.5356E+04
    0.5226E+04
    0.5106E+04
    0.4995E+04
    0.4893E+04
    0.4798E+04
    0.4710E+04
    0.4628E+04
    0.4552E+04
    0.4481E+04
    0.4415E+04
    0.4354E+04
    0.4297E+04
    0.4243E+04
    0.4192E+04
    0.4145E+04
    0.4100E+04
    0.4057E+04
    0.4016E+04
    0.3977E+04
    0.3940E+04
    0.3903E+04
    0.3868E+04
    0.3833E+04
    0.3798E+04
    0.3764E+04
    0.3730E+04
    0.3695E+04
    0.3660E+04
    0.3625E+04
    0.3590E+04
    0.3555E+04
    0.3520E+04
    0.3484E+04
    0.3449E+04
    0.3413E+04
    0.3377E+04
    0.3341E+04
    0.3305E+04
    0.3269E+04
    0.3233E+04
    0.3197E+04
    0.3160E+04
    0.3124E+04
    0.3087E+04
    0.3051E+04
    0.3014E+04
    0.2978E+04
    0.2941E+04
    0.2904E+04
    0.2867E+04
    0.2831E+04
    0.2794E+04
    0.2757E+04
    0.2721E+04
    0.2685E+04
    0.2648E+04
    0.2612E+04
    0.2577E+04
    0.2541E+04
    0.2506E+04
    0.2471E+04
    0.2436E+04
    0.2402E+04
    0.2368E+04
    0.2335E+04
    0.2302E+04
    0.2269E+04
    0.2237E+04
    0.2205E+04
    0.2174E+04
    0.2144E+04
    0.2114E+04
    0.2084E+04
    0.2055E+04
    0.2027E+04
    0.1999E+04
    0.1972E+04
    0.1945E+04
    0.1919E+04
    0.1894E+04
    0.1869E+04
    0.1844E+04
    0.1821E+04
    0.1797E+04
    0.1775E+04
    0.1752E+04
    0.1731E+04
    0.1710E+04
    0.1689E+04
    0.1669E+04
    0.1649E+04
    0.1630E+04
    0.1611E+04
    0.1593E+04
    0.1575E+04
    0.1558E+04
    0.1540E+04
    0.1523E+04
    0.1507E+04
    0.1491E+04
    0.1475E+04
    0.1459E+04
    0.1444E+04
    0.1428E+04
    0.1413E+04
    0.1398E+04
    0.1384E+04
    0.1369E+04
    0.1355E+04
    0.1340E+04
    0.1326E+04
    0.1312E+04
    0.1297E+04
    0.1283E+04
    0.1269E+04
    0.1255E+04
    0.1241E+04
    0.1227E+04
    0.1213E+04
    0.1199E+04
    0.1185E+04
    0.1170E+04
    0.1156E+04
    0.1142E+04
    0.1127E+04
    0.1113E+04
    0.1099E+04
    0.1084E+04
    0.1070E+04
    0.1055E+04
    0.1040E+04
    0.1026E+04
    0.1011E+04
    0.9961E+03
    0.9813E+03
    0.9664E+03
    0.9515E+03
    0.9365E+03
    0.9215E+03
    0.9065E+03
    0.8914E+03
    0.8763E+03
    0.8612E+03
    0.8461E+03
    0.8310E+03
    0.8158E+03
    0.8006E+03
    0.7853E+03
    0.7700E+03
    0.7548E+03
    0.7395E+03
    0.7241E+03
    0.7088E+03
    0.6935E+03
    0.6782E+03
    0.6630E+03
    0.6477E+03
    0.6325E+03
    0.6172E+03
    0.6020E+03
    0.5867E+03
    0.5714E+03
    0.5560E+03
    0.5406E+03
    0.5252E+03
    0.5098E+03
    0.4943E+03
    0.4789E+03
    0.4636E+03
    0.4485E+03
    0.4336E+03
    0.4190E+03
    0.4048E+03
    0.3909E+03
    0.3774E+03
    0.3644E+03
    0.3518E+03
    0.3397E+03
    0.3280E+03
    0.3169E+03
    0.3062E+03
    0.2960E+03
    0.2864E+03
    0.2773E+03
    0.2686E+03
    0.2605E+03
    0.1013E+05
    0.9646E+04
    0.9208E+04
    0.8807E+04
    0.8441E+04
    0.8106E+04
    0.7798E+04
    0.7515E+04
    0.7256E+04
    0.7017E+04
    0.6797E+04
    0.6594E+04
    0.6408E+04
    0.6235E+04
    0.6076E+04
    0.5929E+04
    0.5793E+04
    0.5666E+04
    0.5550E+04
    0.5441E+04
    0.5341E+04
    0.5247E+04
    0.5160E+04
    0.5079E+04
    0.5004E+04
    0.4933E+04
    0.4867E+04
    0.4805E+04
    0.4747E+04
    0.4691E+04
    0.4639E+04
    0.4589E+04
    0.4542E+04
    0.4496E+04
    0.4452E+04
    0.4410E+04
    0.4368E+04
    0.4327E+04
    0.4287E+04
    0.4247E+04
    0.4206E+04
    0.4166E+04
    0.4126E+04
    0.4085E+04
    0.4044E+04
    0.4003E+04
    0.3962E+04
    0.3921E+04
    0.3879E+04
    0.3838E+04
    0.3796E+04
    0.3754E+04
    0.3713E+04
    0.3671E+04
    0.3629E+04
    0.3586E+04
    0.3544E+04
    0.3502E+04
    0.3460E+04
    0.3417E+04
    0.3375E+04
    0.3332E+04
    0.3290E+04
    0.3248E+04
    0.3205E+04
    0.3163E+04
    0.3121E+04
    0.3079E+04
    0.3038E+04
    0.2996E+04
    0.2955E+04
    0.2914E+04
    0.2874E+04
    0.2833E+04
    0.2794E+04
    0.2754E+04
    0.2715E+04
    0.2677E+04
    0.2639E+04
    0.2602E+04
    0.2565E+04
    0.2529E+04
    0.2493E+04
    0.2458E+04
    0.2424E+04
    0.2390E+04
    0.2357E+04
    0.2324E+04
    0.2293E+04
    0.2262E+04
    0.2231E+04
    0.2201E+04
    0.2172E+04
    0.2144E+04
    0.2116E+04
    0.2089E+04
    0.2062E+04
    0.2036E+04
    0.2011E+04
    0.1986E+04
    0.1962E+04
    0.1939E+04
    0.1916E+04
    0.1893E+04
    0.1872E+04
    0.1850E+04
    0.1829E+04
    0.1809E+04
    0.1789E+04
    0.1769E+04
    0.1750E+04
    0.1731E+04
    0.1712E+04
    0.1694E+04
    0.1676E+04
    0.1658E+04
    0.1641E+04
    0.1623E+04
    0.1606E+04
    0.1589E+04
    0.1572E+04
    0.1556E+04
    0.1539E+04
    0.1523E+04
    0.1506E+04
    0.1490E+04
    0.1474E+04
    0.1457E+04
    0.1441E+04
    0.1425E+04
    0.1409E+04
    0.1392E+04
    0.1376E+04
    0.1360E+04
    0.1343E+04
    0.1327E+04
    0.1310E+04
    0.1294E+04
    0.1277E+04
    0.1260E+04
    0.1244E+04
    0.1227E+04
    0.1210E+04
    0.1193E+04
    0.1176E+04
    0.1159E+04
    0.1142E+04
    0.1125E+04
    0.1107E+04
    0.1090E+04
    0.1073E+04
    0.1055E+04
    0.1038E+04
    0.1021E+04
    0.1003E+04
    0.9858E+03
    0.9683E+03
    0.9508E+03
    0.9333E+03
    0.9157E+03
    0.8981E+03
    0.8805E+03
    0.8628E+03
    0.8451E+03
    0.8274E+03
    0.8097E+03
    0.7920E+03
    0.7743E+03
    0.7565E+03
    0.7389E+03
    0.7212E+03
    0.7036E+03
    0.6860E+03
    0.6684E+03
    0.6508E+03
    0.6332E+03
    0.6156E+03
    0.5980E+03
    0.5805E+03
    0.5629E+03
    0.5453E+03
    0.5277E+03
    0.5103E+03
    0.4930E+03
    0.4760E+03
    0.4592E+03
    0.4429E+03
    0.4269E+03
    0.4114E+03
    0.3964E+03
    0.3819E+03
    0.3680E+03
    0.3545E+03
    0.3417E+03
    0.3294E+03
    0.3176E+03
    0.3065E+03
    0.2959E+03
    0.2859E+03
    0.2764E+03
    0.2675E+03
    0.1154E+05
    0.1099E+05
    0.1049E+05
    0.1003E+05
    0.9610E+04
    0.9227E+04
    0.8875E+04
    0.8551E+04
    0.8254E+04
    0.7981E+04
    0.7729E+04
    0.7497E+04
    0.7283E+04
    0.7085E+04
    0.6902E+04
    0.6733E+04
    0.6577E+04
    0.6432E+04
    0.6298E+04
    0.6173E+04
    0.6057E+04
    0.5950E+04
    0.5849E+04
    0.5756E+04
    0.5668E+04
    0.5587E+04
    0.5510E+04
    0.5438E+04
    0.5370E+04
    0.5306E+04
    0.5245E+04
    0.5187E+04
    0.5132E+04
    0.5079E+04
    0.5027E+04
    0.4978E+04
    0.4929E+04
    0.4881E+04
    0.4834E+04
    0.4787E+04
    0.4740E+04
    0.4694E+04
    0.4646E+04
    0.4599E+04
    0.4551E+04
    0.4504E+04
    0.4456E+04
    0.4408E+04
    0.4360E+04
    0.4311E+04
    0.4263E+04
    0.4215E+04
    0.4166E+04
    0.4117E+04
    0.4068E+04
    0.4019E+04
    0.3970E+04
    0.3922E+04
    0.3873E+04
    0.3824E+04
    0.3775E+04
    0.3726E+04
    0.3677E+04
    0.3629E+04
    0.3580E+04
    0.3532E+04
    0.3484E+04
    0.3436E+04
    0.3389E+04
    0.3342E+04
    0.3295E+04
    0.3249E+04
    0.3203E+04
    0.3158E+04
    0.3113E+04
    0.3069E+04
    0.3026E+04
    0.2983E+04
    0.2941E+04
    0.2900E+04
    0.2859E+04
    0.2819E+04
    0.2779E+04
    0.2741E+04
    0.2703E+04
    0.2666E+04
    0.2630E+04
    0.2594E+04
    0.2559E+04
    0.2525E+04
    0.2492E+04
    0.2459E+04
    0.2428E+04
    0.2397E+04
    0.2366E+04
    0.2337E+04
    0.2308E+04
    0.2280E+04
    0.2252E+04
    0.2226E+04
    0.2199E+04
    0.2174E+04
    0.2149E+04
    0.2124E+04
    0.2100E+04
    0.2077E+04
    0.2054E+04
    0.2032E+04
    0.2009E+04
    0.1988E+04
    0.1967E+04
    0.1946E+04
    0.1925E+04
    0.1905E+04
    0.1885E+04
    0.1865E+04
    0.1845E+04
    0.1826E+04
    0.1806E+04
    0.1787E+04
    0.1768E+04
    0.1749E+04
    0.1730E+04
    0.1711E+04
    0.1692E+04
    0.1674E+04
    0.1655E+04
    0.1636E+04
    0.1617E+04
    0.1598E+04
    0.1580E+04
    0.1561E+04
    0.1542E+04
    0.1523E+04
    0.1503E+04
    0.1484E+04
    0.1465E+04
    0.1446E+04
    0.1426E+04
    0.1407E+04
    0.1387E+04
    0.1368E+04
    0.1348E+04
    0.1328E+04
    0.1309E+04
    0.1289E+04
    0.1269E+04
    0.1249E+04
    0.1229E+04
    0.1209E+04
    0.1189E+04
    0.1169E+04
    0.1148E+04
    0.1128E+04
    0.1108E+04
    0.1088E+04
    0.1068E+04
    0.1047E+04
    0.1027E+04
    0.1007E+04
    0.9863E+03
    0.9658E+03
    0.9454E+03
    0.9249E+03
    0.9044E+03
    0.8839E+03
    0.8633E+03
    0.8429E+03
    0.8224E+03
    0.8020E+03
    0.7816E+03
    0.7613E+03
    0.7410E+03
    0.7208E+03
    0.7006E+03
    0.6805E+03
    0.6604E+03
    0.6403E+03
    0.6203E+03
    0.6004E+03
    0.5805E+03
    0.5607E+03
    0.5410E+03
    0.5216E+03
    0.5026E+03
    0.4839E+03
    0.4657E+03
    0.4480E+03
    0.4308E+03
    0.4142E+03
    0.3981E+03
    0.3828E+03
    0.3680E+03
    0.3539E+03
    0.3404E+03
    0.3276E+03
    0.3154E+03
    0.3039E+03
    0.2930E+03
    0.2827E+03
    0.2731E+03
    0.1341E+05
    0.1275E+05
    0.1215E+05
    0.1160E+05
    0.1110E+05
    0.1064E+05
    0.1022E+05
    0.9832E+04
    0.9478E+04
    0.9153E+04
    0.8854E+04
    0.8579E+04
    0.8325E+04
    0.8091E+04
    0.7875E+04
    0.7675E+04
    0.7491E+04
    0.7320E+04
    0.7162E+04
    0.7015E+04
    0.6879E+04
    0.6752E+04
    0.6634E+04
    0.6525E+04
    0.6422E+04
    0.6326E+04
    0.6236E+04
    0.6152E+04
    0.6073E+04
    0.5998E+04
    0.5927E+04
    0.5859E+04
    0.5794E+04
    0.5732E+04
    0.5672E+04
    0.5614E+04
    0.5557E+04
    0.5502E+04
    0.5447E+04
    0.5392E+04
    0.5338E+04
    0.5283E+04
    0.5228E+04
    0.5173E+04
    0.5118E+04
    0.5062E+04
    0.5007E+04
    0.4951E+04
    0.4895E+04
    0.4839E+04
    0.4783E+04
    0.4726E+04
    0.4670E+04
    0.4614E+04
    0.4557E+04
    0.4500E+04
    0.4444E+04
    0.4387E+04
    0.4331E+04
    0.4274E+04
    0.4218E+04
    0.4162E+04
    0.4106E+04
    0.4051E+04
    0.3995E+04
    0.3940E+04
    0.3886E+04
    0.3832E+04
    0.3778E+04
    0.3725E+04
    0.3673E+04
    0.3621E+04
    0.3570E+04
    0.3519E+04
    0.3470E+04
    0.3420E+04
    0.3372E+04
    0.3325E+04
    0.3278E+04
    0.3232E+04
    0.3187E+04
    0.3143E+04
    0.3100E+04
    0.3057E+04
    0.3016E+04
    0.2975E+04
    0.2936E+04
    0.2897E+04
    0.2859E+04
    0.2822E+04
    0.2785E+04
    0.2750E+04
    0.2716E+04
    0.2682E+04
    0.2649E+04
    0.2617E+04
    0.2585E+04
    0.2555E+04
    0.2525E+04
    0.2496E+04
    0.2467E+04
    0.2439E+04
    0.2412E+04
    0.2385E+04
    0.2359E+04
    0.2333E+04
    0.2308E+04
    0.2283E+04
    0.2259E+04
    0.2235E+04
    0.2211E+04
    0.2188E+04
    0.2165E+04
    0.2142E+04
    0.2119E+04
    0.2097E+04
    0.2075E+04
    0.2053E+04
    0.2031E+04
    0.2009E+04
    0.1987E+04
    0.1965E+04
    0.1944E+04
    0.1922E+04
    0.1900E+04
    0.1879E+04
    0.1857E+04
    0.1835E+04
    0.1813E+04
    0.1791E+04
    0.1769E+04
    0.1747E+04
    0.1725E+04
    0.1703E+04
    0.1681E+04
    0.1658E+04
    0.1636E+04
    0.1613E+04
    0.1591E+04
    0.1568E+04
    0.1545E+04
    0.1522E+04
    0.1500E+04
    0.1477E+04
    0.1454E+04
    0.1431E+04
    0.1407E+04
    0.1384E+04
    0.1361E+04
    0.1338E+04
    0.1315E+04
    0.1291E+04
    0.1268E+04
    0.1245E+04
    0.1221E+04
    0.1198E+04
    0.1174E+04
    0.1151E+04
    0.1127E+04
    0.1104E+04
    0.1080E+04
    0.1056E+04
    0.1033E+04
    0.1009E+04
    0.9852E+03
    0.9614E+03
    0.9377E+03
    0.9141E+03
    0.8905E+03
    0.8670E+03
    0.8436E+03
    0.8202E+03
    0.7970E+03
    0.7739E+03
    0.7509E+03
    0.7279E+03
    0.7051E+03
    0.6824E+03
    0.6597E+03
    0.6372E+03
    0.6149E+03
    0.5927E+03
    0.5707E+03
    0.5491E+03
    0.5279E+03
    0.5072E+03
    0.4870E+03
    0.4674E+03
    0.4485E+03
    0.4303E+03
    0.4127E+03
    0.3959E+03
    0.3798E+03
    0.3644E+03
    0.3498E+03
    0.3359E+03
    0.3227E+03
    0.3103E+03
    0.2985E+03
    0.2874E+03
    0.2771E+03
    0.1569E+05
    0.1488E+05
    0.1415E+05
    0.1348E+05
    0.1287E+05
    0.1231E+05
    0.1181E+05
    0.1134E+05
    0.1091E+05
    0.1052E+05
    0.1017E+05
    0.9835E+04
    0.9532E+04
    0.9252E+04
    0.8995E+04
    0.8757E+04
    0.8538E+04
    0.8335E+04
    0.8147E+04
    0.7973E+04
    0.7812E+04
    0.7662E+04
    0.7523E+04
    0.7394E+04
    0.7273E+04
    0.7161E+04
    0.7055E+04
    0.6956E+04
    0.6863E+04
    0.6775E+04
    0.6692E+04
    0.6613E+04
    0.6537E+04
    0.6465E+04
    0.6395E+04
    0.6327E+04
    0.6261E+04
    0.6196E+04
    0.6132E+04
    0.6069E+04
    0.6005E+04
    0.5942E+04
    0.5878E+04
    0.5814E+04
    0.5750E+04
    0.5685E+04
    0.5620E+04
    0.5555E+04
    0.5490E+04
    0.5425E+04
    0.5360E+04
    0.5295E+04
    0.5230E+04
    0.5165E+04
    0.5099E+04
    0.5034E+04
    0.4968E+04
    0.4903E+04
    0.4839E+04
    0.4774E+04
    0.4710E+04
    0.4646E+04
    0.4582E+04
    0.4519E+04
    0.4456E+04
    0.4394E+04
    0.4332E+04
    0.4272E+04
    0.4211E+04
    0.4152E+04
    0.4093E+04
    0.4035E+04
    0.3978E+04
    0.3922E+04
    0.3867E+04
    0.3812E+04
    0.3759E+04
    0.3706E+04
    0.3655E+04
    0.3604E+04
    0.3555E+04
    0.3506E+04
    0.3459E+04
    0.3413E+04
    0.3367E+04
    0.3323E+04
    0.3280E+04
    0.3237E+04
    0.3196E+04
    0.3156E+04
    0.3116E+04
    0.3078E+04
    0.3040E+04
    0.3004E+04
    0.2968E+04
    0.2933E+04
    0.2899E+04
    0.2865E+04
    0.2833E+04
    0.2801E+04
    0.2770E+04
    0.2739E+04
    0.2709E+04
    0.2680E+04
    0.2651E+04
    0.2622E+04
    0.2595E+04
    0.2567E+04
    0.2540E+04
    0.2513E+04
    0.2487E+04
    0.2460E+04
    0.2434E+04
    0.2409E+04
    0.2383E+04
    0.2358E+04
    0.2332E+04
    0.2307E+04
    0.2282E+04
    0.2257E+04
    0.2232E+04
    0.2207E+04
    0.2182E+04
    0.2157E+04
    0.2132E+04
    0.2106E+04
    0.2081E+04
    0.2056E+04
    0.2030E+04
    0.2005E+04
    0.1979E+04
    0.1954E+04
    0.1928E+04
    0.1902E+04
    0.1876E+04
    0.1850E+04
    0.1824E+04
    0.1798E+04
    0.1771E+04
    0.1745E+04
    0.1718E+04
    0.1692E+04
    0.1665E+04
    0.1639E+04
    0.1612E+04
    0.1585E+04
    0.1558E+04
    0.1532E+04
    0.1505E+04
    0.1478E+04
    0.1451E+04
    0.1424E+04
    0.1397E+04
    0.1370E+04
    0.1342E+04
    0.1315E+04
    0.1288E+04
    0.1261E+04
    0.1234E+04
    0.1206E+04
    0.1179E+04
    0.1152E+04
    0.1124E+04
    0.1097E+04
    0.1069E+04
    0.1042E+04
    0.1015E+04
    0.9874E+03
    0.9603E+03
    0.9333E+03
    0.9065E+03
    0.8799E+03
    0.8534E+03
    0.8271E+03
    0.8009E+03
    0.7750E+03
    0.7492E+03
    0.7236E+03
    0.6981E+03
    0.6729E+03
    0.6479E+03
    0.6232E+03
    0.5988E+03
    0.5749E+03
    0.5515E+03
    0.5286E+03
    0.5065E+03
    0.4851E+03
    0.4644E+03
    0.4445E+03
    0.4254E+03
    0.4071E+03
    0.3897E+03
    0.3730E+03
    0.3573E+03
    0.3423E+03
    0.3281E+03
    0.3148E+03
    0.3022E+03
    0.2904E+03
    0.2793E+03
    0.1820E+05
    0.1724E+05
    0.1636E+05
    0.1556E+05
    0.1484E+05
    0.1418E+05
    0.1357E+05
    0.1302E+05
    0.1252E+05
    0.1205E+05
    0.1163E+05
    0.1124E+05
    0.1088E+05
    0.1055E+05
    0.1025E+05
    0.9969E+04
    0.9711E+04
    0.9473E+04
    0.9253E+04
    0.9049E+04
    0.8860E+04
    0.8685E+04
    0.8522E+04
    0.8370E+04
    0.8229E+04
    0.8097E+04
    0.7974E+04
    0.7858E+04
    0.7750E+04
    0.7647E+04
    0.7550E+04
    0.7458E+04
    0.7370E+04
    0.7285E+04
    0.7204E+04
    0.7125E+04
    0.7048E+04
    0.6972E+04
    0.6898E+04
    0.6824E+04
    0.6750E+04
    0.6676E+04
    0.6602E+04
    0.6528E+04
    0.6453E+04
    0.6378E+04
    0.6303E+04
    0.6228E+04
    0.6152E+04
    0.6077E+04
    0.6001E+04
    0.5926E+04
    0.5851E+04
    0.5775E+04
    0.5700E+04
    0.5625E+04
    0.5550E+04
    0.5476E+04
    0.5402E+04
    0.5328E+04
    0.5255E+04
    0.5182E+04
    0.5110E+04
    0.5039E+04
    0.4968E+04
    0.4898E+04
    0.4829E+04
    0.4761E+04
    0.4693E+04
    0.4627E+04
    0.4561E+04
    0.4497E+04
    0.4433E+04
    0.4371E+04
    0.4310E+04
    0.4250E+04
    0.4191E+04
    0.4134E+04
    0.4077E+04
    0.4022E+04
    0.3968E+04
    0.3915E+04
    0.3863E+04
    0.3812E+04
    0.3763E+04
    0.3714E+04
    0.3667E+04
    0.3621E+04
    0.3576E+04
    0.3532E+04
    0.3489E+04
    0.3448E+04
    0.3407E+04
    0.3367E+04
    0.3328E+04
    0.3290E+04
    0.3253E+04
    0.3216E+04
    0.3181E+04
    0.3146E+04
    0.3111E+04
    0.3078E+04
    0.3045E+04
    0.3012E+04
    0.2980E+04
    0.2949E+04
    0.2918E+04
    0.2887E+04
    0.2856E+04
    0.2826E+04
    0.2796E+04
    0.2767E+04
    0.2737E+04
    0.2708E+04
    0.2679E+04
    0.2650E+04
    0.2621E+04
    0.2592E+04
    0.2563E+04
    0.2534E+04
    0.2505E+04
    0.2476E+04
    0.2447E+04
    0.2418E+04
    0.2389E+04
    0.2359E+04
    0.2330E+04
    0.2300E+04
    0.2271E+04
    0.2241E+04
    0.2211E+04
    0.2181E+04
    0.2151E+04
    0.2121E+04
    0.2091E+04
    0.2061E+04
    0.2030E+04
    0.2000E+04
    0.1969E+04
    0.1938E+04
    0.1908E+04
    0.1877E+04
    0.1846E+04
    0.1815E+04
    0.1784E+04
    0.1753E+04
    0.1722E+04
    0.1691E+04
    0.1660E+04
    0.1628E+04
    0.1597E+04
    0.1566E+04
    0.1534E+04
    0.1503E+04
    0.1472E+04
    0.1440E+04
    0.1409E+04
    0.1377E+04
    0.1346E+04
    0.1314E+04
    0.1282E+04
    0.1251E+04
    0.1219E+04
    0.1188E+04
    0.1156E+04
    0.1125E+04
    0.1093E+04
    0.1062E+04
    0.1031E+04
    0.1000E+04
    0.9697E+03
    0.9394E+03
    0.9094E+03
    0.8796E+03
    0.8501E+03
    0.8209E+03
    0.7920E+03
    0.7633E+03
    0.7350E+03
    0.7069E+03
    0.6792E+03
    0.6518E+03
    0.6249E+03
    0.5986E+03
    0.5729E+03
    0.5479E+03
    0.5237E+03
    0.5004E+03
    0.4780E+03
    0.4564E+03
    0.4358E+03
    0.4161E+03
    0.3973E+03
    0.3795E+03
    0.3626E+03
    0.3466E+03
    0.3315E+03
    0.3173E+03
    0.3039E+03
    0.2913E+03
    0.2796E+03
