    0.4044E-02
    0.4044E-02
    0.4044E-02
    0.4044E-02
    0.4044E-02
    0.4044E-02
    0.4044E-02
    0.4044E-02
    0.4044E-02
    0.4044E-02
    0.4044E-02
    0.4044E-02
    0.4044E-02
    0.4044E-02
    0.4044E-02
    0.4044E-02
    0.4044E-02
    0.4044E-02
    0.4044E-02
    0.4044E-02
    0.4044E-02
    0.4044E-02
    0.4044E-02
    0.4044E-02
    0.4044E-02
    0.4044E-02
    0.4044E-02
    0.4044E-02
    0.4044E-02
    0.4044E-02
    0.4044E-02
    0.4043E-02
    0.4043E-02
    0.4043E-02
    0.4043E-02
    0.4043E-02
    0.4043E-02
    0.4043E-02
    0.4043E-02
    0.4043E-02
    0.4043E-02
    0.4043E-02
    0.4043E-02
    0.4043E-02
    0.4043E-02
    0.4043E-02
    0.4043E-02
    0.4043E-02
    0.4043E-02
    0.4043E-02
    0.4043E-02
    0.4043E-02
    0.4043E-02
    0.4043E-02
    0.4043E-02
    0.4043E-02
    0.4043E-02
    0.4043E-02
    0.4043E-02
    0.4043E-02
    0.4043E-02
    0.4043E-02
    0.4043E-02
    0.4043E-02
    0.4043E-02
    0.4042E-02
    0.4042E-02
    0.4042E-02
    0.4042E-02
    0.4042E-02
    0.4042E-02
    0.4042E-02
    0.4042E-02
    0.4042E-02
    0.4042E-02
    0.4042E-02
    0.4042E-02
    0.4042E-02
    0.4042E-02
    0.4042E-02
    0.4042E-02
    0.4042E-02
    0.4041E-02
    0.4041E-02
    0.4041E-02
    0.4041E-02
    0.4041E-02
    0.4041E-02
    0.4041E-02
    0.4041E-02
    0.4041E-02
    0.4041E-02
    0.4041E-02
    0.4040E-02
    0.4040E-02
    0.4040E-02
    0.4040E-02
    0.4040E-02
    0.4040E-02
    0.4040E-02
    0.4040E-02
    0.4040E-02
    0.4039E-02
    0.4039E-02
    0.4039E-02
    0.4039E-02
    0.4039E-02
    0.4039E-02
    0.4038E-02
    0.4038E-02
    0.4038E-02
    0.4038E-02
    0.4038E-02
    0.4038E-02
    0.4037E-02
    0.4037E-02
    0.4037E-02
    0.4037E-02
    0.4037E-02
    0.4036E-02
    0.4036E-02
    0.4036E-02
    0.4036E-02
    0.4035E-02
    0.4035E-02
    0.4035E-02
    0.4035E-02
    0.4034E-02
    0.4034E-02
    0.4034E-02
    0.4033E-02
    0.4033E-02
    0.4033E-02
    0.4033E-02
    0.4032E-02
    0.4032E-02
    0.4031E-02
    0.4031E-02
    0.4031E-02
    0.4030E-02
    0.4030E-02
    0.4029E-02
    0.4029E-02
    0.4029E-02
    0.4028E-02
    0.4028E-02
    0.4027E-02
    0.4027E-02
    0.4026E-02
    0.4026E-02
    0.4025E-02
    0.4025E-02
    0.4024E-02
    0.4024E-02
    0.4023E-02
    0.4023E-02
    0.4022E-02
    0.4021E-02
    0.4021E-02
    0.4020E-02
    0.4019E-02
    0.4018E-02
    0.4017E-02
    0.4016E-02
    0.4015E-02
    0.4014E-02
    0.4013E-02
    0.4012E-02
    0.4010E-02
    0.4009E-02
    0.4008E-02
    0.4007E-02
    0.4007E-02
    0.4006E-02
    0.4005E-02
    0.4004E-02
    0.4003E-02
    0.4002E-02
    0.4001E-02
    0.4000E-02
    0.3999E-02
    0.3998E-02
    0.3997E-02
    0.3995E-02
    0.3994E-02
    0.3992E-02
    0.3991E-02
    0.3989E-02
    0.3988E-02
    0.3986E-02
    0.3984E-02
    0.3983E-02
    0.3981E-02
    0.3979E-02
    0.3978E-02
    0.3976E-02
    0.3975E-02
    0.3973E-02
    0.3972E-02
    0.3970E-02
    0.3969E-02
    0.4657E-02
    0.4657E-02
    0.4657E-02
    0.4657E-02
    0.4657E-02
    0.4657E-02
    0.4657E-02
    0.4657E-02
    0.4657E-02
    0.4656E-02
    0.4656E-02
    0.4656E-02
    0.4656E-02
    0.4656E-02
    0.4656E-02
    0.4656E-02
    0.4656E-02
    0.4656E-02
    0.4656E-02
    0.4656E-02
    0.4656E-02
    0.4656E-02
    0.4656E-02
    0.4656E-02
    0.4656E-02
    0.4656E-02
    0.4656E-02
    0.4656E-02
    0.4656E-02
    0.4656E-02
    0.4656E-02
    0.4656E-02
    0.4656E-02
    0.4656E-02
    0.4656E-02
    0.4656E-02
    0.4656E-02
    0.4656E-02
    0.4656E-02
    0.4656E-02
    0.4656E-02
    0.4656E-02
    0.4656E-02
    0.4656E-02
    0.4656E-02
    0.4656E-02
    0.4656E-02
    0.4656E-02
    0.4656E-02
    0.4656E-02
    0.4656E-02
    0.4656E-02
    0.4656E-02
    0.4656E-02
    0.4656E-02
    0.4656E-02
    0.4656E-02
    0.4656E-02
    0.4656E-02
    0.4656E-02
    0.4656E-02
    0.4655E-02
    0.4655E-02
    0.4655E-02
    0.4655E-02
    0.4655E-02
    0.4655E-02
    0.4655E-02
    0.4655E-02
    0.4655E-02
    0.4655E-02
    0.4655E-02
    0.4655E-02
    0.4655E-02
    0.4654E-02
    0.4654E-02
    0.4654E-02
    0.4654E-02
    0.4654E-02
    0.4654E-02
    0.4654E-02
    0.4654E-02
    0.4654E-02
    0.4654E-02
    0.4654E-02
    0.4654E-02
    0.4654E-02
    0.4653E-02
    0.4653E-02
    0.4653E-02
    0.4653E-02
    0.4653E-02
    0.4653E-02
    0.4653E-02
    0.4653E-02
    0.4652E-02
    0.4652E-02
    0.4652E-02
    0.4652E-02
    0.4652E-02
    0.4652E-02
    0.4651E-02
    0.4651E-02
    0.4651E-02
    0.4651E-02
    0.4651E-02
    0.4650E-02
    0.4650E-02
    0.4650E-02
    0.4650E-02
    0.4650E-02
    0.4649E-02
    0.4649E-02
    0.4649E-02
    0.4649E-02
    0.4648E-02
    0.4648E-02
    0.4648E-02
    0.4648E-02
    0.4647E-02
    0.4647E-02
    0.4647E-02
    0.4647E-02
    0.4646E-02
    0.4646E-02
    0.4646E-02
    0.4645E-02
    0.4645E-02
    0.4645E-02
    0.4644E-02
    0.4644E-02
    0.4644E-02
    0.4643E-02
    0.4643E-02
    0.4642E-02
    0.4642E-02
    0.4641E-02
    0.4641E-02
    0.4640E-02
    0.4640E-02
    0.4639E-02
    0.4639E-02
    0.4638E-02
    0.4638E-02
    0.4637E-02
    0.4637E-02
    0.4636E-02
    0.4636E-02
    0.4635E-02
    0.4634E-02
    0.4634E-02
    0.4633E-02
    0.4633E-02
    0.4632E-02
    0.4631E-02
    0.4630E-02
    0.4630E-02
    0.4629E-02
    0.4628E-02
    0.4627E-02
    0.4626E-02
    0.4625E-02
    0.4623E-02
    0.4622E-02
    0.4621E-02
    0.4619E-02
    0.4618E-02
    0.4617E-02
    0.4615E-02
    0.4614E-02
    0.4613E-02
    0.4612E-02
    0.4611E-02
    0.4610E-02
    0.4608E-02
    0.4607E-02
    0.4606E-02
    0.4605E-02
    0.4604E-02
    0.4603E-02
    0.4601E-02
    0.4600E-02
    0.4598E-02
    0.4596E-02
    0.4595E-02
    0.4593E-02
    0.4591E-02
    0.4589E-02
    0.4587E-02
    0.4585E-02
    0.4583E-02
    0.4581E-02
    0.4579E-02
    0.4577E-02
    0.4575E-02
    0.4573E-02
    0.4571E-02
    0.4569E-02
    0.4567E-02
    0.4566E-02
    0.4564E-02
    0.5366E-02
    0.5366E-02
    0.5366E-02
    0.5366E-02
    0.5366E-02
    0.5366E-02
    0.5365E-02
    0.5365E-02
    0.5365E-02
    0.5365E-02
    0.5365E-02
    0.5365E-02
    0.5365E-02
    0.5365E-02
    0.5365E-02
    0.5365E-02
    0.5365E-02
    0.5365E-02
    0.5365E-02
    0.5365E-02
    0.5365E-02
    0.5365E-02
    0.5365E-02
    0.5365E-02
    0.5365E-02
    0.5365E-02
    0.5365E-02
    0.5365E-02
    0.5365E-02
    0.5365E-02
    0.5365E-02
    0.5365E-02
    0.5365E-02
    0.5365E-02
    0.5365E-02
    0.5365E-02
    0.5365E-02
    0.5365E-02
    0.5365E-02
    0.5365E-02
    0.5365E-02
    0.5365E-02
    0.5365E-02
    0.5365E-02
    0.5365E-02
    0.5365E-02
    0.5365E-02
    0.5364E-02
    0.5364E-02
    0.5364E-02
    0.5364E-02
    0.5364E-02
    0.5364E-02
    0.5364E-02
    0.5364E-02
    0.5364E-02
    0.5364E-02
    0.5364E-02
    0.5364E-02
    0.5364E-02
    0.5364E-02
    0.5364E-02
    0.5364E-02
    0.5364E-02
    0.5364E-02
    0.5364E-02
    0.5364E-02
    0.5363E-02
    0.5363E-02
    0.5363E-02
    0.5363E-02
    0.5363E-02
    0.5363E-02
    0.5363E-02
    0.5363E-02
    0.5363E-02
    0.5362E-02
    0.5362E-02
    0.5362E-02
    0.5362E-02
    0.5362E-02
    0.5362E-02
    0.5362E-02
    0.5362E-02
    0.5361E-02
    0.5361E-02
    0.5361E-02
    0.5361E-02
    0.5361E-02
    0.5361E-02
    0.5361E-02
    0.5361E-02
    0.5360E-02
    0.5360E-02
    0.5360E-02
    0.5360E-02
    0.5360E-02
    0.5360E-02
    0.5360E-02
    0.5359E-02
    0.5359E-02
    0.5359E-02
    0.5359E-02
    0.5358E-02
    0.5358E-02
    0.5358E-02
    0.5358E-02
    0.5357E-02
    0.5357E-02
    0.5357E-02
    0.5357E-02
    0.5356E-02
    0.5356E-02
    0.5356E-02
    0.5356E-02
    0.5355E-02
    0.5355E-02
    0.5355E-02
    0.5355E-02
    0.5354E-02
    0.5354E-02
    0.5354E-02
    0.5353E-02
    0.5353E-02
    0.5352E-02
    0.5352E-02
    0.5351E-02
    0.5351E-02
    0.5350E-02
    0.5350E-02
    0.5349E-02
    0.5349E-02
    0.5349E-02
    0.5348E-02
    0.5348E-02
    0.5347E-02
    0.5347E-02
    0.5346E-02
    0.5345E-02
    0.5345E-02
    0.5344E-02
    0.5344E-02
    0.5343E-02
    0.5342E-02
    0.5342E-02
    0.5341E-02
    0.5340E-02
    0.5339E-02
    0.5339E-02
    0.5338E-02
    0.5337E-02
    0.5336E-02
    0.5335E-02
    0.5335E-02
    0.5334E-02
    0.5333E-02
    0.5332E-02
    0.5331E-02
    0.5330E-02
    0.5328E-02
    0.5327E-02
    0.5326E-02
    0.5324E-02
    0.5322E-02
    0.5321E-02
    0.5319E-02
    0.5317E-02
    0.5316E-02
    0.5314E-02
    0.5312E-02
    0.5311E-02
    0.5309E-02
    0.5308E-02
    0.5307E-02
    0.5305E-02
    0.5304E-02
    0.5303E-02
    0.5302E-02
    0.5300E-02
    0.5298E-02
    0.5297E-02
    0.5295E-02
    0.5293E-02
    0.5291E-02
    0.5289E-02
    0.5286E-02
    0.5284E-02
    0.5281E-02
    0.5279E-02
    0.5276E-02
    0.5274E-02
    0.5271E-02
    0.5269E-02
    0.5266E-02
    0.5264E-02
    0.5261E-02
    0.5259E-02
    0.5257E-02
    0.5255E-02
    0.5253E-02
    0.5251E-02
    0.6185E-02
    0.6185E-02
    0.6185E-02
    0.6185E-02
    0.6185E-02
    0.6185E-02
    0.6185E-02
    0.6185E-02
    0.6185E-02
    0.6185E-02
    0.6185E-02
    0.6185E-02
    0.6185E-02
    0.6185E-02
    0.6185E-02
    0.6185E-02
    0.6185E-02
    0.6185E-02
    0.6185E-02
    0.6185E-02
    0.6184E-02
    0.6184E-02
    0.6184E-02
    0.6184E-02
    0.6184E-02
    0.6184E-02
    0.6184E-02
    0.6184E-02
    0.6184E-02
    0.6184E-02
    0.6184E-02
    0.6184E-02
    0.6184E-02
    0.6184E-02
    0.6184E-02
    0.6184E-02
    0.6184E-02
    0.6184E-02
    0.6184E-02
    0.6184E-02
    0.6184E-02
    0.6184E-02
    0.6184E-02
    0.6184E-02
    0.6184E-02
    0.6184E-02
    0.6184E-02
    0.6184E-02
    0.6184E-02
    0.6184E-02
    0.6183E-02
    0.6183E-02
    0.6183E-02
    0.6183E-02
    0.6183E-02
    0.6183E-02
    0.6183E-02
    0.6183E-02
    0.6183E-02
    0.6183E-02
    0.6183E-02
    0.6183E-02
    0.6183E-02
    0.6182E-02
    0.6182E-02
    0.6182E-02
    0.6182E-02
    0.6182E-02
    0.6182E-02
    0.6182E-02
    0.6182E-02
    0.6182E-02
    0.6182E-02
    0.6182E-02
    0.6181E-02
    0.6181E-02
    0.6181E-02
    0.6181E-02
    0.6181E-02
    0.6181E-02
    0.6181E-02
    0.6181E-02
    0.6180E-02
    0.6180E-02
    0.6180E-02
    0.6180E-02
    0.6180E-02
    0.6180E-02
    0.6179E-02
    0.6179E-02
    0.6179E-02
    0.6179E-02
    0.6179E-02
    0.6179E-02
    0.6178E-02
    0.6178E-02
    0.6178E-02
    0.6178E-02
    0.6177E-02
    0.6177E-02
    0.6177E-02
    0.6177E-02
    0.6177E-02
    0.6176E-02
    0.6176E-02
    0.6176E-02
    0.6175E-02
    0.6175E-02
    0.6175E-02
    0.6175E-02
    0.6174E-02
    0.6174E-02
    0.6174E-02
    0.6173E-02
    0.6173E-02
    0.6172E-02
    0.6172E-02
    0.6172E-02
    0.6171E-02
    0.6171E-02
    0.6170E-02
    0.6170E-02
    0.6169E-02
    0.6169E-02
    0.6168E-02
    0.6168E-02
    0.6167E-02
    0.6167E-02
    0.6166E-02
    0.6166E-02
    0.6165E-02
    0.6164E-02
    0.6164E-02
    0.6163E-02
    0.6163E-02
    0.6162E-02
    0.6161E-02
    0.6161E-02
    0.6160E-02
    0.6159E-02
    0.6158E-02
    0.6158E-02
    0.6157E-02
    0.6156E-02
    0.6155E-02
    0.6154E-02
    0.6153E-02
    0.6152E-02
    0.6151E-02
    0.6150E-02
    0.6149E-02
    0.6148E-02
    0.6147E-02
    0.6146E-02
    0.6145E-02
    0.6144E-02
    0.6143E-02
    0.6142E-02
    0.6140E-02
    0.6139E-02
    0.6137E-02
    0.6135E-02
    0.6133E-02
    0.6131E-02
    0.6129E-02
    0.6127E-02
    0.6125E-02
    0.6123E-02
    0.6121E-02
    0.6119E-02
    0.6117E-02
    0.6115E-02
    0.6114E-02
    0.6112E-02
    0.6110E-02
    0.6109E-02
    0.6107E-02
    0.6106E-02
    0.6104E-02
    0.6102E-02
    0.6100E-02
    0.6097E-02
    0.6095E-02
    0.6092E-02
    0.6090E-02
    0.6087E-02
    0.6084E-02
    0.6081E-02
    0.6078E-02
    0.6074E-02
    0.6071E-02
    0.6068E-02
    0.6065E-02
    0.6062E-02
    0.6059E-02
    0.6056E-02
    0.6053E-02
    0.6050E-02
    0.6047E-02
    0.6045E-02
    0.6043E-02
    0.7132E-02
    0.7132E-02
    0.7132E-02
    0.7132E-02
    0.7132E-02
    0.7132E-02
    0.7132E-02
    0.7132E-02
    0.7132E-02
    0.7132E-02
    0.7132E-02
    0.7132E-02
    0.7132E-02
    0.7132E-02
    0.7132E-02
    0.7132E-02
    0.7132E-02
    0.7132E-02
    0.7132E-02
    0.7132E-02
    0.7132E-02
    0.7132E-02
    0.7132E-02
    0.7132E-02
    0.7132E-02
    0.7132E-02
    0.7132E-02
    0.7131E-02
    0.7131E-02
    0.7131E-02
    0.7131E-02
    0.7131E-02
    0.7131E-02
    0.7131E-02
    0.7131E-02
    0.7131E-02
    0.7131E-02
    0.7131E-02
    0.7131E-02
    0.7131E-02
    0.7131E-02
    0.7131E-02
    0.7131E-02
    0.7131E-02
    0.7130E-02
    0.7130E-02
    0.7130E-02
    0.7130E-02
    0.7130E-02
    0.7130E-02
    0.7130E-02
    0.7130E-02
    0.7130E-02
    0.7130E-02
    0.7130E-02
    0.7130E-02
    0.7130E-02
    0.7130E-02
    0.7129E-02
    0.7129E-02
    0.7129E-02
    0.7129E-02
    0.7129E-02
    0.7129E-02
    0.7129E-02
    0.7129E-02
    0.7129E-02
    0.7128E-02
    0.7128E-02
    0.7128E-02
    0.7128E-02
    0.7128E-02
    0.7128E-02
    0.7128E-02
    0.7128E-02
    0.7127E-02
    0.7127E-02
    0.7127E-02
    0.7127E-02
    0.7127E-02
    0.7127E-02
    0.7127E-02
    0.7126E-02
    0.7126E-02
    0.7126E-02
    0.7126E-02
    0.7126E-02
    0.7125E-02
    0.7125E-02
    0.7125E-02
    0.7125E-02
    0.7124E-02
    0.7124E-02
    0.7124E-02
    0.7124E-02
    0.7123E-02
    0.7123E-02
    0.7123E-02
    0.7123E-02
    0.7122E-02
    0.7122E-02
    0.7122E-02
    0.7121E-02
    0.7121E-02
    0.7121E-02
    0.7120E-02
    0.7120E-02
    0.7120E-02
    0.7119E-02
    0.7119E-02
    0.7118E-02
    0.7118E-02
    0.7118E-02
    0.7117E-02
    0.7117E-02
    0.7116E-02
    0.7116E-02
    0.7115E-02
    0.7115E-02
    0.7114E-02
    0.7114E-02
    0.7113E-02
    0.7112E-02
    0.7112E-02
    0.7111E-02
    0.7111E-02
    0.7110E-02
    0.7109E-02
    0.7109E-02
    0.7108E-02
    0.7107E-02
    0.7107E-02
    0.7106E-02
    0.7105E-02
    0.7104E-02
    0.7104E-02
    0.7103E-02
    0.7102E-02
    0.7101E-02
    0.7100E-02
    0.7099E-02
    0.7098E-02
    0.7097E-02
    0.7096E-02
    0.7095E-02
    0.7094E-02
    0.7092E-02
    0.7091E-02
    0.7090E-02
    0.7089E-02
    0.7088E-02
    0.7087E-02
    0.7085E-02
    0.7084E-02
    0.7083E-02
    0.7081E-02
    0.7080E-02
    0.7078E-02
    0.7077E-02
    0.7075E-02
    0.7073E-02
    0.7071E-02
    0.7068E-02
    0.7066E-02
    0.7063E-02
    0.7061E-02
    0.7058E-02
    0.7055E-02
    0.7053E-02
    0.7050E-02
    0.7048E-02
    0.7046E-02
    0.7044E-02
    0.7042E-02
    0.7040E-02
    0.7038E-02
    0.7036E-02
    0.7033E-02
    0.7031E-02
    0.7029E-02
    0.7026E-02
    0.7023E-02
    0.7020E-02
    0.7017E-02
    0.7014E-02
    0.7010E-02
    0.7006E-02
    0.7002E-02
    0.6999E-02
    0.6995E-02
    0.6991E-02
    0.6987E-02
    0.6983E-02
    0.6979E-02
    0.6975E-02
    0.6972E-02
    0.6968E-02
    0.6965E-02
    0.6961E-02
    0.6958E-02
    0.6955E-02
    0.8226E-02
    0.8226E-02
    0.8226E-02
    0.8226E-02
    0.8226E-02
    0.8226E-02
    0.8226E-02
    0.8226E-02
    0.8226E-02
    0.8226E-02
    0.8226E-02
    0.8226E-02
    0.8226E-02
    0.8226E-02
    0.8226E-02
    0.8226E-02
    0.8226E-02
    0.8226E-02
    0.8226E-02
    0.8226E-02
    0.8226E-02
    0.8226E-02
    0.8226E-02
    0.8226E-02
    0.8226E-02
    0.8226E-02
    0.8225E-02
    0.8225E-02
    0.8225E-02
    0.8225E-02
    0.8225E-02
    0.8225E-02
    0.8225E-02
    0.8225E-02
    0.8225E-02
    0.8225E-02
    0.8225E-02
    0.8225E-02
    0.8225E-02
    0.8225E-02
    0.8225E-02
    0.8225E-02
    0.8225E-02
    0.8225E-02
    0.8225E-02
    0.8224E-02
    0.8224E-02
    0.8224E-02
    0.8224E-02
    0.8224E-02
    0.8224E-02
    0.8224E-02
    0.8224E-02
    0.8224E-02
    0.8224E-02
    0.8223E-02
    0.8223E-02
    0.8223E-02
    0.8223E-02
    0.8223E-02
    0.8223E-02
    0.8223E-02
    0.8223E-02
    0.8222E-02
    0.8222E-02
    0.8222E-02
    0.8222E-02
    0.8222E-02
    0.8222E-02
    0.8222E-02
    0.8222E-02
    0.8221E-02
    0.8221E-02
    0.8221E-02
    0.8221E-02
    0.8221E-02
    0.8220E-02
    0.8220E-02
    0.8220E-02
    0.8220E-02
    0.8220E-02
    0.8219E-02
    0.8219E-02
    0.8219E-02
    0.8219E-02
    0.8218E-02
    0.8218E-02
    0.8218E-02
    0.8218E-02
    0.8217E-02
    0.8217E-02
    0.8217E-02
    0.8217E-02
    0.8216E-02
    0.8216E-02
    0.8216E-02
    0.8215E-02
    0.8215E-02
    0.8215E-02
    0.8214E-02
    0.8214E-02
    0.8214E-02
    0.8213E-02
    0.8213E-02
    0.8212E-02
    0.8212E-02
    0.8211E-02
    0.8211E-02
    0.8211E-02
    0.8210E-02
    0.8210E-02
    0.8209E-02
    0.8208E-02
    0.8208E-02
    0.8207E-02
    0.8207E-02
    0.8206E-02
    0.8205E-02
    0.8205E-02
    0.8204E-02
    0.8203E-02
    0.8203E-02
    0.8202E-02
    0.8201E-02
    0.8201E-02
    0.8200E-02
    0.8199E-02
    0.8198E-02
    0.8198E-02
    0.8197E-02
    0.8196E-02
    0.8195E-02
    0.8194E-02
    0.8193E-02
    0.8192E-02
    0.8191E-02
    0.8190E-02
    0.8189E-02
    0.8188E-02
    0.8187E-02
    0.8185E-02
    0.8184E-02
    0.8183E-02
    0.8181E-02
    0.8180E-02
    0.8179E-02
    0.8177E-02
    0.8176E-02
    0.8174E-02
    0.8173E-02
    0.8171E-02
    0.8170E-02
    0.8168E-02
    0.8167E-02
    0.8165E-02
    0.8163E-02
    0.8162E-02
    0.8160E-02
    0.8158E-02
    0.8155E-02
    0.8153E-02
    0.8150E-02
    0.8147E-02
    0.8144E-02
    0.8141E-02
    0.8138E-02
    0.8134E-02
    0.8131E-02
    0.8128E-02
    0.8125E-02
    0.8122E-02
    0.8119E-02
    0.8116E-02
    0.8114E-02
    0.8111E-02
    0.8109E-02
    0.8106E-02
    0.8104E-02
    0.8101E-02
    0.8098E-02
    0.8095E-02
    0.8091E-02
    0.8087E-02
    0.8083E-02
    0.8079E-02
    0.8075E-02
    0.8070E-02
    0.8065E-02
    0.8061E-02
    0.8056E-02
    0.8051E-02
    0.8046E-02
    0.8041E-02
    0.8036E-02
    0.8032E-02
    0.8027E-02
    0.8023E-02
    0.8018E-02
    0.8014E-02
    0.8011E-02
    0.8007E-02
    0.9491E-02
    0.9491E-02
    0.9491E-02
    0.9491E-02
    0.9491E-02
    0.9491E-02
    0.9491E-02
    0.9491E-02
    0.9490E-02
    0.9490E-02
    0.9490E-02
    0.9490E-02
    0.9490E-02
    0.9490E-02
    0.9490E-02
    0.9490E-02
    0.9490E-02
    0.9490E-02
    0.9490E-02
    0.9490E-02
    0.9490E-02
    0.9490E-02
    0.9490E-02
    0.9490E-02
    0.9490E-02
    0.9490E-02
    0.9489E-02
    0.9489E-02
    0.9489E-02
    0.9489E-02
    0.9489E-02
    0.9489E-02
    0.9489E-02
    0.9489E-02
    0.9489E-02
    0.9489E-02
    0.9489E-02
    0.9489E-02
    0.9489E-02
    0.9489E-02
    0.9489E-02
    0.9488E-02
    0.9488E-02
    0.9488E-02
    0.9488E-02
    0.9488E-02
    0.9488E-02
    0.9488E-02
    0.9488E-02
    0.9488E-02
    0.9488E-02
    0.9488E-02
    0.9488E-02
    0.9487E-02
    0.9487E-02
    0.9487E-02
    0.9487E-02
    0.9487E-02
    0.9487E-02
    0.9487E-02
    0.9487E-02
    0.9486E-02
    0.9486E-02
    0.9486E-02
    0.9486E-02
    0.9486E-02
    0.9485E-02
    0.9485E-02
    0.9485E-02
    0.9485E-02
    0.9485E-02
    0.9484E-02
    0.9484E-02
    0.9484E-02
    0.9484E-02
    0.9484E-02
    0.9483E-02
    0.9483E-02
    0.9483E-02
    0.9483E-02
    0.9482E-02
    0.9482E-02
    0.9482E-02
    0.9482E-02
    0.9481E-02
    0.9481E-02
    0.9481E-02
    0.9480E-02
    0.9480E-02
    0.9480E-02
    0.9479E-02
    0.9479E-02
    0.9479E-02
    0.9478E-02
    0.9478E-02
    0.9477E-02
    0.9477E-02
    0.9477E-02
    0.9476E-02
    0.9476E-02
    0.9475E-02
    0.9475E-02
    0.9474E-02
    0.9474E-02
    0.9473E-02
    0.9473E-02
    0.9472E-02
    0.9471E-02
    0.9471E-02
    0.9470E-02
    0.9470E-02
    0.9469E-02
    0.9468E-02
    0.9468E-02
    0.9467E-02
    0.9466E-02
    0.9466E-02
    0.9465E-02
    0.9464E-02
    0.9463E-02
    0.9462E-02
    0.9462E-02
    0.9461E-02
    0.9460E-02
    0.9459E-02
    0.9458E-02
    0.9457E-02
    0.9456E-02
    0.9455E-02
    0.9454E-02
    0.9453E-02
    0.9452E-02
    0.9450E-02
    0.9449E-02
    0.9448E-02
    0.9447E-02
    0.9445E-02
    0.9444E-02
    0.9443E-02
    0.9441E-02
    0.9440E-02
    0.9438E-02
    0.9437E-02
    0.9435E-02
    0.9433E-02
    0.9432E-02
    0.9430E-02
    0.9428E-02
    0.9426E-02
    0.9424E-02
    0.9423E-02
    0.9421E-02
    0.9419E-02
    0.9417E-02
    0.9415E-02
    0.9413E-02
    0.9410E-02
    0.9408E-02
    0.9405E-02
    0.9402E-02
    0.9399E-02
    0.9396E-02
    0.9392E-02
    0.9388E-02
    0.9384E-02
    0.9380E-02
    0.9376E-02
    0.9372E-02
    0.9368E-02
    0.9365E-02
    0.9361E-02
    0.9358E-02
    0.9354E-02
    0.9351E-02
    0.9348E-02
    0.9345E-02
    0.9342E-02
    0.9339E-02
    0.9335E-02
    0.9332E-02
    0.9328E-02
    0.9323E-02
    0.9318E-02
    0.9313E-02
    0.9308E-02
    0.9303E-02
    0.9297E-02
    0.9291E-02
    0.9285E-02
    0.9279E-02
    0.9273E-02
    0.9267E-02
    0.9261E-02
    0.9255E-02
    0.9249E-02
    0.9243E-02
    0.9238E-02
    0.9232E-02
    0.9227E-02
    0.9222E-02
    0.9218E-02
    0.1095E-01
    0.1095E-01
    0.1095E-01
    0.1095E-01
    0.1095E-01
    0.1095E-01
    0.1095E-01
    0.1095E-01
    0.1095E-01
    0.1095E-01
    0.1095E-01
    0.1095E-01
    0.1095E-01
    0.1095E-01
    0.1095E-01
    0.1095E-01
    0.1095E-01
    0.1095E-01
    0.1095E-01
    0.1095E-01
    0.1095E-01
    0.1095E-01
    0.1095E-01
    0.1095E-01
    0.1095E-01
    0.1095E-01
    0.1095E-01
    0.1095E-01
    0.1095E-01
    0.1095E-01
    0.1095E-01
    0.1095E-01
    0.1095E-01
    0.1095E-01
    0.1095E-01
    0.1095E-01
    0.1095E-01
    0.1095E-01
    0.1095E-01
    0.1095E-01
    0.1095E-01
    0.1095E-01
    0.1095E-01
    0.1095E-01
    0.1095E-01
    0.1095E-01
    0.1095E-01
    0.1095E-01
    0.1095E-01
    0.1095E-01
    0.1095E-01
    0.1095E-01
    0.1095E-01
    0.1095E-01
    0.1095E-01
    0.1095E-01
    0.1095E-01
    0.1095E-01
    0.1095E-01
    0.1095E-01
    0.1095E-01
    0.1095E-01
    0.1095E-01
    0.1095E-01
    0.1095E-01
    0.1095E-01
    0.1094E-01
    0.1094E-01
    0.1094E-01
    0.1094E-01
    0.1094E-01
    0.1094E-01
    0.1094E-01
    0.1094E-01
    0.1094E-01
    0.1094E-01
    0.1094E-01
    0.1094E-01
    0.1094E-01
    0.1094E-01
    0.1094E-01
    0.1094E-01
    0.1094E-01
    0.1094E-01
    0.1094E-01
    0.1094E-01
    0.1094E-01
    0.1094E-01
    0.1094E-01
    0.1094E-01
    0.1094E-01
    0.1094E-01
    0.1094E-01
    0.1094E-01
    0.1094E-01
    0.1093E-01
    0.1093E-01
    0.1093E-01
    0.1093E-01
    0.1093E-01
    0.1093E-01
    0.1093E-01
    0.1093E-01
    0.1093E-01
    0.1093E-01
    0.1093E-01
    0.1093E-01
    0.1093E-01
    0.1093E-01
    0.1093E-01
    0.1093E-01
    0.1092E-01
    0.1092E-01
    0.1092E-01
    0.1092E-01
    0.1092E-01
    0.1092E-01
    0.1092E-01
    0.1092E-01
    0.1092E-01
    0.1092E-01
    0.1092E-01
    0.1091E-01
    0.1091E-01
    0.1091E-01
    0.1091E-01
    0.1091E-01
    0.1091E-01
    0.1091E-01
    0.1091E-01
    0.1090E-01
    0.1090E-01
    0.1090E-01
    0.1090E-01
    0.1090E-01
    0.1090E-01
    0.1090E-01
    0.1089E-01
    0.1089E-01
    0.1089E-01
    0.1089E-01
    0.1089E-01
    0.1088E-01
    0.1088E-01
    0.1088E-01
    0.1088E-01
    0.1088E-01
    0.1087E-01
    0.1087E-01
    0.1087E-01
    0.1087E-01
    0.1086E-01
    0.1086E-01
    0.1086E-01
    0.1086E-01
    0.1085E-01
    0.1085E-01
    0.1085E-01
    0.1085E-01
    0.1084E-01
    0.1084E-01
    0.1083E-01
    0.1083E-01
    0.1082E-01
    0.1082E-01
    0.1081E-01
    0.1081E-01
    0.1080E-01
    0.1080E-01
    0.1080E-01
    0.1079E-01
    0.1079E-01
    0.1078E-01
    0.1078E-01
    0.1077E-01
    0.1077E-01
    0.1077E-01
    0.1076E-01
    0.1076E-01
    0.1075E-01
    0.1075E-01
    0.1074E-01
    0.1074E-01
    0.1073E-01
    0.1072E-01
    0.1072E-01
    0.1071E-01
    0.1070E-01
    0.1070E-01
    0.1069E-01
    0.1068E-01
    0.1067E-01
    0.1067E-01
    0.1066E-01
    0.1065E-01
    0.1064E-01
    0.1064E-01
    0.1063E-01
    0.1062E-01
    0.1062E-01
    0.1061E-01
    0.1264E-01
    0.1264E-01
    0.1264E-01
    0.1264E-01
    0.1264E-01
    0.1264E-01
    0.1264E-01
    0.1264E-01
    0.1264E-01
    0.1264E-01
    0.1264E-01
    0.1264E-01
    0.1264E-01
    0.1264E-01
    0.1264E-01
    0.1264E-01
    0.1264E-01
    0.1264E-01
    0.1264E-01
    0.1264E-01
    0.1264E-01
    0.1264E-01
    0.1264E-01
    0.1264E-01
    0.1264E-01
    0.1264E-01
    0.1264E-01
    0.1264E-01
    0.1264E-01
    0.1264E-01
    0.1264E-01
    0.1264E-01
    0.1264E-01
    0.1264E-01
    0.1264E-01
    0.1264E-01
    0.1264E-01
    0.1264E-01
    0.1264E-01
    0.1264E-01
    0.1264E-01
    0.1264E-01
    0.1264E-01
    0.1264E-01
    0.1264E-01
    0.1264E-01
    0.1263E-01
    0.1263E-01
    0.1263E-01
    0.1263E-01
    0.1263E-01
    0.1263E-01
    0.1263E-01
    0.1263E-01
    0.1263E-01
    0.1263E-01
    0.1263E-01
    0.1263E-01
    0.1263E-01
    0.1263E-01
    0.1263E-01
    0.1263E-01
    0.1263E-01
    0.1263E-01
    0.1263E-01
    0.1263E-01
    0.1263E-01
    0.1263E-01
    0.1263E-01
    0.1263E-01
    0.1263E-01
    0.1263E-01
    0.1263E-01
    0.1263E-01
    0.1263E-01
    0.1263E-01
    0.1263E-01
    0.1263E-01
    0.1263E-01
    0.1263E-01
    0.1263E-01
    0.1263E-01
    0.1263E-01
    0.1262E-01
    0.1262E-01
    0.1262E-01
    0.1262E-01
    0.1262E-01
    0.1262E-01
    0.1262E-01
    0.1262E-01
    0.1262E-01
    0.1262E-01
    0.1262E-01
    0.1262E-01
    0.1262E-01
    0.1262E-01
    0.1262E-01
    0.1262E-01
    0.1262E-01
    0.1261E-01
    0.1261E-01
    0.1261E-01
    0.1261E-01
    0.1261E-01
    0.1261E-01
    0.1261E-01
    0.1261E-01
    0.1261E-01
    0.1261E-01
    0.1261E-01
    0.1261E-01
    0.1260E-01
    0.1260E-01
    0.1260E-01
    0.1260E-01
    0.1260E-01
    0.1260E-01
    0.1260E-01
    0.1260E-01
    0.1260E-01
    0.1259E-01
    0.1259E-01
    0.1259E-01
    0.1259E-01
    0.1259E-01
    0.1259E-01
    0.1259E-01
    0.1258E-01
    0.1258E-01
    0.1258E-01
    0.1258E-01
    0.1258E-01
    0.1257E-01
    0.1257E-01
    0.1257E-01
    0.1257E-01
    0.1257E-01
    0.1256E-01
    0.1256E-01
    0.1256E-01
    0.1256E-01
    0.1256E-01
    0.1255E-01
    0.1255E-01
    0.1255E-01
    0.1254E-01
    0.1254E-01
    0.1254E-01
    0.1254E-01
    0.1253E-01
    0.1253E-01
    0.1253E-01
    0.1253E-01
    0.1252E-01
    0.1252E-01
    0.1252E-01
    0.1251E-01
    0.1251E-01
    0.1250E-01
    0.1250E-01
    0.1249E-01
    0.1249E-01
    0.1248E-01
    0.1248E-01
    0.1247E-01
    0.1246E-01
    0.1246E-01
    0.1245E-01
    0.1244E-01
    0.1244E-01
    0.1243E-01
    0.1243E-01
    0.1242E-01
    0.1242E-01
    0.1241E-01
    0.1241E-01
    0.1240E-01
    0.1240E-01
    0.1239E-01
    0.1239E-01
    0.1238E-01
    0.1237E-01
    0.1237E-01
    0.1236E-01
    0.1235E-01
    0.1234E-01
    0.1233E-01
    0.1232E-01
    0.1231E-01
    0.1230E-01
    0.1229E-01
    0.1228E-01
    0.1228E-01
    0.1227E-01
    0.1226E-01
    0.1225E-01
    0.1224E-01
    0.1223E-01
    0.1223E-01
    0.1222E-01
    0.1459E-01
    0.1459E-01
    0.1459E-01
    0.1459E-01
    0.1459E-01
    0.1459E-01
    0.1459E-01
    0.1459E-01
    0.1459E-01
    0.1459E-01
    0.1459E-01
    0.1459E-01
    0.1459E-01
    0.1459E-01
    0.1459E-01
    0.1459E-01
    0.1459E-01
    0.1459E-01
    0.1459E-01
    0.1459E-01
    0.1459E-01
    0.1459E-01
    0.1459E-01
    0.1459E-01
    0.1459E-01
    0.1459E-01
    0.1459E-01
    0.1459E-01
    0.1459E-01
    0.1459E-01
    0.1459E-01
    0.1459E-01
    0.1459E-01
    0.1459E-01
    0.1459E-01
    0.1458E-01
    0.1458E-01
    0.1458E-01
    0.1458E-01
    0.1458E-01
    0.1458E-01
    0.1458E-01
    0.1458E-01
    0.1458E-01
    0.1458E-01
    0.1458E-01
    0.1458E-01
    0.1458E-01
    0.1458E-01
    0.1458E-01
    0.1458E-01
    0.1458E-01
    0.1458E-01
    0.1458E-01
    0.1458E-01
    0.1458E-01
    0.1458E-01
    0.1458E-01
    0.1458E-01
    0.1458E-01
    0.1458E-01
    0.1458E-01
    0.1458E-01
    0.1458E-01
    0.1458E-01
    0.1458E-01
    0.1458E-01
    0.1458E-01
    0.1458E-01
    0.1458E-01
    0.1458E-01
    0.1458E-01
    0.1458E-01
    0.1458E-01
    0.1457E-01
    0.1457E-01
    0.1457E-01
    0.1457E-01
    0.1457E-01
    0.1457E-01
    0.1457E-01
    0.1457E-01
    0.1457E-01
    0.1457E-01
    0.1457E-01
    0.1457E-01
    0.1457E-01
    0.1457E-01
    0.1457E-01
    0.1457E-01
    0.1457E-01
    0.1457E-01
    0.1456E-01
    0.1456E-01
    0.1456E-01
    0.1456E-01
    0.1456E-01
    0.1456E-01
    0.1456E-01
    0.1456E-01
    0.1456E-01
    0.1456E-01
    0.1456E-01
    0.1456E-01
    0.1455E-01
    0.1455E-01
    0.1455E-01
    0.1455E-01
    0.1455E-01
    0.1455E-01
    0.1455E-01
    0.1455E-01
    0.1455E-01
    0.1454E-01
    0.1454E-01
    0.1454E-01
    0.1454E-01
    0.1454E-01
    0.1454E-01
    0.1454E-01
    0.1453E-01
    0.1453E-01
    0.1453E-01
    0.1453E-01
    0.1453E-01
    0.1453E-01
    0.1452E-01
    0.1452E-01
    0.1452E-01
    0.1452E-01
    0.1452E-01
    0.1451E-01
    0.1451E-01
    0.1451E-01
    0.1451E-01
    0.1450E-01
    0.1450E-01
    0.1450E-01
    0.1450E-01
    0.1449E-01
    0.1449E-01
    0.1449E-01
    0.1448E-01
    0.1448E-01
    0.1448E-01
    0.1447E-01
    0.1447E-01
    0.1447E-01
    0.1446E-01
    0.1446E-01
    0.1446E-01
    0.1445E-01
    0.1445E-01
    0.1445E-01
    0.1444E-01
    0.1444E-01
    0.1443E-01
    0.1443E-01
    0.1442E-01
    0.1442E-01
    0.1441E-01
    0.1441E-01
    0.1440E-01
    0.1439E-01
    0.1438E-01
    0.1438E-01
    0.1437E-01
    0.1436E-01
    0.1435E-01
    0.1435E-01
    0.1434E-01
    0.1433E-01
    0.1433E-01
    0.1432E-01
    0.1432E-01
    0.1431E-01
    0.1430E-01
    0.1430E-01
    0.1429E-01
    0.1428E-01
    0.1428E-01
    0.1427E-01
    0.1426E-01
    0.1425E-01
    0.1424E-01
    0.1423E-01
    0.1422E-01
    0.1421E-01
    0.1419E-01
    0.1418E-01
    0.1417E-01
    0.1416E-01
    0.1415E-01
    0.1414E-01
    0.1413E-01
    0.1411E-01
    0.1410E-01
    0.1409E-01
    0.1408E-01
    0.1408E-01
    0.1407E-01
    0.1684E-01
    0.1684E-01
    0.1684E-01
    0.1684E-01
    0.1684E-01
    0.1684E-01
    0.1684E-01
    0.1684E-01
    0.1684E-01
    0.1684E-01
    0.1684E-01
    0.1684E-01
    0.1684E-01
    0.1684E-01
    0.1684E-01
    0.1684E-01
    0.1684E-01
    0.1684E-01
    0.1684E-01
    0.1684E-01
    0.1684E-01
    0.1684E-01
    0.1684E-01
    0.1684E-01
    0.1684E-01
    0.1684E-01
    0.1684E-01
    0.1684E-01
    0.1684E-01
    0.1684E-01
    0.1684E-01
    0.1684E-01
    0.1684E-01
    0.1684E-01
    0.1684E-01
    0.1683E-01
    0.1683E-01
    0.1683E-01
    0.1683E-01
    0.1683E-01
    0.1683E-01
    0.1683E-01
    0.1683E-01
    0.1683E-01
    0.1683E-01
    0.1683E-01
    0.1683E-01
    0.1683E-01
    0.1683E-01
    0.1683E-01
    0.1683E-01
    0.1683E-01
    0.1683E-01
    0.1683E-01
    0.1683E-01
    0.1683E-01
    0.1683E-01
    0.1683E-01
    0.1683E-01
    0.1683E-01
    0.1683E-01
    0.1683E-01
    0.1683E-01
    0.1683E-01
    0.1683E-01
    0.1683E-01
    0.1683E-01
    0.1683E-01
    0.1683E-01
    0.1683E-01
    0.1682E-01
    0.1682E-01
    0.1682E-01
    0.1682E-01
    0.1682E-01
    0.1682E-01
    0.1682E-01
    0.1682E-01
    0.1682E-01
    0.1682E-01
    0.1682E-01
    0.1682E-01
    0.1682E-01
    0.1682E-01
    0.1682E-01
    0.1682E-01
    0.1682E-01
    0.1681E-01
    0.1681E-01
    0.1681E-01
    0.1681E-01
    0.1681E-01
    0.1681E-01
    0.1681E-01
    0.1681E-01
    0.1681E-01
    0.1681E-01
    0.1681E-01
    0.1680E-01
    0.1680E-01
    0.1680E-01
    0.1680E-01
    0.1680E-01
    0.1680E-01
    0.1680E-01
    0.1680E-01
    0.1679E-01
    0.1679E-01
    0.1679E-01
    0.1679E-01
    0.1679E-01
    0.1679E-01
    0.1679E-01
    0.1678E-01
    0.1678E-01
    0.1678E-01
    0.1678E-01
    0.1678E-01
    0.1678E-01
    0.1677E-01
    0.1677E-01
    0.1677E-01
    0.1677E-01
    0.1677E-01
    0.1676E-01
    0.1676E-01
    0.1676E-01
    0.1676E-01
    0.1675E-01
    0.1675E-01
    0.1675E-01
    0.1675E-01
    0.1674E-01
    0.1674E-01
    0.1674E-01
    0.1673E-01
    0.1673E-01
    0.1673E-01
    0.1673E-01
    0.1672E-01
    0.1672E-01
    0.1671E-01
    0.1671E-01
    0.1671E-01
    0.1670E-01
    0.1670E-01
    0.1669E-01
    0.1669E-01
    0.1669E-01
    0.1668E-01
    0.1668E-01
    0.1667E-01
    0.1667E-01
    0.1666E-01
    0.1666E-01
    0.1665E-01
    0.1665E-01
    0.1664E-01
    0.1664E-01
    0.1663E-01
    0.1662E-01
    0.1661E-01
    0.1661E-01
    0.1660E-01
    0.1659E-01
    0.1658E-01
    0.1657E-01
    0.1656E-01
    0.1655E-01
    0.1654E-01
    0.1653E-01
    0.1652E-01
    0.1652E-01
    0.1651E-01
    0.1650E-01
    0.1649E-01
    0.1649E-01
    0.1648E-01
    0.1647E-01
    0.1646E-01
    0.1645E-01
    0.1644E-01
    0.1643E-01
    0.1642E-01
    0.1641E-01
    0.1639E-01
    0.1638E-01
    0.1637E-01
    0.1635E-01
    0.1634E-01
    0.1632E-01
    0.1631E-01
    0.1629E-01
    0.1628E-01
    0.1627E-01
    0.1625E-01
    0.1624E-01
    0.1623E-01
    0.1621E-01
    0.1620E-01
    0.1619E-01
    0.1944E-01
    0.1944E-01
    0.1944E-01
    0.1944E-01
    0.1944E-01
    0.1944E-01
    0.1944E-01
    0.1944E-01
    0.1944E-01
    0.1944E-01
    0.1944E-01
    0.1944E-01
    0.1944E-01
    0.1944E-01
    0.1944E-01
    0.1944E-01
    0.1944E-01
    0.1944E-01
    0.1944E-01
    0.1944E-01
    0.1944E-01
    0.1944E-01
    0.1944E-01
    0.1944E-01
    0.1944E-01
    0.1944E-01
    0.1944E-01
    0.1944E-01
    0.1944E-01
    0.1944E-01
    0.1944E-01
    0.1944E-01
    0.1943E-01
    0.1943E-01
    0.1943E-01
    0.1943E-01
    0.1943E-01
    0.1943E-01
    0.1943E-01
    0.1943E-01
    0.1943E-01
    0.1943E-01
    0.1943E-01
    0.1943E-01
    0.1943E-01
    0.1943E-01
    0.1943E-01
    0.1943E-01
    0.1943E-01
    0.1943E-01
    0.1943E-01
    0.1943E-01
    0.1943E-01
    0.1943E-01
    0.1943E-01
    0.1943E-01
    0.1943E-01
    0.1943E-01
    0.1943E-01
    0.1943E-01
    0.1943E-01
    0.1943E-01
    0.1943E-01
    0.1943E-01
    0.1942E-01
    0.1942E-01
    0.1942E-01
    0.1942E-01
    0.1942E-01
    0.1942E-01
    0.1942E-01
    0.1942E-01
    0.1942E-01
    0.1942E-01
    0.1942E-01
    0.1942E-01
    0.1942E-01
    0.1942E-01
    0.1942E-01
    0.1942E-01
    0.1941E-01
    0.1941E-01
    0.1941E-01
    0.1941E-01
    0.1941E-01
    0.1941E-01
    0.1941E-01
    0.1941E-01
    0.1941E-01
    0.1941E-01
    0.1941E-01
    0.1940E-01
    0.1940E-01
    0.1940E-01
    0.1940E-01
    0.1940E-01
    0.1940E-01
    0.1940E-01
    0.1940E-01
    0.1939E-01
    0.1939E-01
    0.1939E-01
    0.1939E-01
    0.1939E-01
    0.1939E-01
    0.1939E-01
    0.1938E-01
    0.1938E-01
    0.1938E-01
    0.1938E-01
    0.1938E-01
    0.1938E-01
    0.1937E-01
    0.1937E-01
    0.1937E-01
    0.1937E-01
    0.1937E-01
    0.1936E-01
    0.1936E-01
    0.1936E-01
    0.1936E-01
    0.1935E-01
    0.1935E-01
    0.1935E-01
    0.1935E-01
    0.1934E-01
    0.1934E-01
    0.1934E-01
    0.1933E-01
    0.1933E-01
    0.1933E-01
    0.1932E-01
    0.1932E-01
    0.1932E-01
    0.1931E-01
    0.1931E-01
    0.1931E-01
    0.1930E-01
    0.1930E-01
    0.1929E-01
    0.1929E-01
    0.1928E-01
    0.1928E-01
    0.1927E-01
    0.1927E-01
    0.1926E-01
    0.1926E-01
    0.1925E-01
    0.1925E-01
    0.1924E-01
    0.1924E-01
    0.1923E-01
    0.1923E-01
    0.1922E-01
    0.1922E-01
    0.1921E-01
    0.1920E-01
    0.1920E-01
    0.1919E-01
    0.1918E-01
    0.1917E-01
    0.1916E-01
    0.1915E-01
    0.1914E-01
    0.1913E-01
    0.1911E-01
    0.1910E-01
    0.1909E-01
    0.1908E-01
    0.1907E-01
    0.1906E-01
    0.1905E-01
    0.1904E-01
    0.1903E-01
    0.1902E-01
    0.1901E-01
    0.1900E-01
    0.1899E-01
    0.1898E-01
    0.1897E-01
    0.1896E-01
    0.1895E-01
    0.1893E-01
    0.1892E-01
    0.1890E-01
    0.1889E-01
    0.1887E-01
    0.1885E-01
    0.1883E-01
    0.1882E-01
    0.1880E-01
    0.1878E-01
    0.1876E-01
    0.1875E-01
    0.1873E-01
    0.1871E-01
    0.1869E-01
    0.1868E-01
    0.1866E-01
    0.1865E-01
    0.1864E-01
    0.2244E-01
    0.2244E-01
    0.2244E-01
    0.2244E-01
    0.2244E-01
    0.2244E-01
    0.2244E-01
    0.2244E-01
    0.2244E-01
    0.2244E-01
    0.2244E-01
    0.2244E-01
    0.2244E-01
    0.2244E-01
    0.2244E-01
    0.2244E-01
    0.2244E-01
    0.2244E-01
    0.2244E-01
    0.2244E-01
    0.2244E-01
    0.2244E-01
    0.2244E-01
    0.2244E-01
    0.2244E-01
    0.2244E-01
    0.2244E-01
    0.2244E-01
    0.2244E-01
    0.2244E-01
    0.2244E-01
    0.2244E-01
    0.2244E-01
    0.2244E-01
    0.2244E-01
    0.2244E-01
    0.2244E-01
    0.2244E-01
    0.2244E-01
    0.2243E-01
    0.2243E-01
    0.2243E-01
    0.2243E-01
    0.2243E-01
    0.2243E-01
    0.2243E-01
    0.2243E-01
    0.2243E-01
    0.2243E-01
    0.2243E-01
    0.2243E-01
    0.2243E-01
    0.2243E-01
    0.2243E-01
    0.2243E-01
    0.2243E-01
    0.2243E-01
    0.2243E-01
    0.2243E-01
    0.2243E-01
    0.2243E-01
    0.2243E-01
    0.2243E-01
    0.2242E-01
    0.2242E-01
    0.2242E-01
    0.2242E-01
    0.2242E-01
    0.2242E-01
    0.2242E-01
    0.2242E-01
    0.2242E-01
    0.2242E-01
    0.2242E-01
    0.2242E-01
    0.2242E-01
    0.2242E-01
    0.2241E-01
    0.2241E-01
    0.2241E-01
    0.2241E-01
    0.2241E-01
    0.2241E-01
    0.2241E-01
    0.2241E-01
    0.2241E-01
    0.2241E-01
    0.2240E-01
    0.2240E-01
    0.2240E-01
    0.2240E-01
    0.2240E-01
    0.2240E-01
    0.2240E-01
    0.2239E-01
    0.2239E-01
    0.2239E-01
    0.2239E-01
    0.2239E-01
    0.2239E-01
    0.2239E-01
    0.2238E-01
    0.2238E-01
    0.2238E-01
    0.2238E-01
    0.2238E-01
    0.2237E-01
    0.2237E-01
    0.2237E-01
    0.2237E-01
    0.2237E-01
    0.2236E-01
    0.2236E-01
    0.2236E-01
    0.2236E-01
    0.2235E-01
    0.2235E-01
    0.2235E-01
    0.2234E-01
    0.2234E-01
    0.2234E-01
    0.2234E-01
    0.2233E-01
    0.2233E-01
    0.2233E-01
    0.2232E-01
    0.2232E-01
    0.2232E-01
    0.2231E-01
    0.2231E-01
    0.2230E-01
    0.2230E-01
    0.2230E-01
    0.2229E-01
    0.2229E-01
    0.2228E-01
    0.2228E-01
    0.2227E-01
    0.2227E-01
    0.2226E-01
    0.2226E-01
    0.2225E-01
    0.2224E-01
    0.2224E-01
    0.2223E-01
    0.2223E-01
    0.2222E-01
    0.2221E-01
    0.2221E-01
    0.2220E-01
    0.2219E-01
    0.2219E-01
    0.2218E-01
    0.2217E-01
    0.2216E-01
    0.2216E-01
    0.2215E-01
    0.2214E-01
    0.2213E-01
    0.2212E-01
    0.2211E-01
    0.2210E-01
    0.2208E-01
    0.2207E-01
    0.2205E-01
    0.2204E-01
    0.2202E-01
    0.2201E-01
    0.2200E-01
    0.2198E-01
    0.2197E-01
    0.2196E-01
    0.2194E-01
    0.2193E-01
    0.2192E-01
    0.2191E-01
    0.2190E-01
    0.2189E-01
    0.2187E-01
    0.2186E-01
    0.2185E-01
    0.2183E-01
    0.2181E-01
    0.2179E-01
    0.2178E-01
    0.2176E-01
    0.2173E-01
    0.2171E-01
    0.2169E-01
    0.2167E-01
    0.2165E-01
    0.2162E-01
    0.2160E-01
    0.2158E-01
    0.2156E-01
    0.2154E-01
    0.2152E-01
    0.2150E-01
    0.2148E-01
    0.2146E-01
    0.2145E-01
    0.2591E-01
    0.2591E-01
    0.2591E-01
    0.2591E-01
    0.2591E-01
    0.2591E-01
    0.2591E-01
    0.2591E-01
    0.2591E-01
    0.2591E-01
    0.2591E-01
    0.2591E-01
    0.2591E-01
    0.2591E-01
    0.2591E-01
    0.2591E-01
    0.2591E-01
    0.2591E-01
    0.2591E-01
    0.2591E-01
    0.2591E-01
    0.2591E-01
    0.2591E-01
    0.2591E-01
    0.2591E-01
    0.2591E-01
    0.2591E-01
    0.2591E-01
    0.2590E-01
    0.2590E-01
    0.2590E-01
    0.2590E-01
    0.2590E-01
    0.2590E-01
    0.2590E-01
    0.2590E-01
    0.2590E-01
    0.2590E-01
    0.2590E-01
    0.2590E-01
    0.2590E-01
    0.2590E-01
    0.2590E-01
    0.2590E-01
    0.2590E-01
    0.2590E-01
    0.2590E-01
    0.2590E-01
    0.2590E-01
    0.2590E-01
    0.2590E-01
    0.2590E-01
    0.2590E-01
    0.2589E-01
    0.2589E-01
    0.2589E-01
    0.2589E-01
    0.2589E-01
    0.2589E-01
    0.2589E-01
    0.2589E-01
    0.2589E-01
    0.2589E-01
    0.2589E-01
    0.2589E-01
    0.2589E-01
    0.2589E-01
    0.2589E-01
    0.2588E-01
    0.2588E-01
    0.2588E-01
    0.2588E-01
    0.2588E-01
    0.2588E-01
    0.2588E-01
    0.2588E-01
    0.2588E-01
    0.2588E-01
    0.2587E-01
    0.2587E-01
    0.2587E-01
    0.2587E-01
    0.2587E-01
    0.2587E-01
    0.2587E-01
    0.2587E-01
    0.2586E-01
    0.2586E-01
    0.2586E-01
    0.2586E-01
    0.2586E-01
    0.2586E-01
    0.2585E-01
    0.2585E-01
    0.2585E-01
    0.2585E-01
    0.2585E-01
    0.2585E-01
    0.2584E-01
    0.2584E-01
    0.2584E-01
    0.2584E-01
    0.2584E-01
    0.2583E-01
    0.2583E-01
    0.2583E-01
    0.2583E-01
    0.2582E-01
    0.2582E-01
    0.2582E-01
    0.2582E-01
    0.2581E-01
    0.2581E-01
    0.2581E-01
    0.2580E-01
    0.2580E-01
    0.2580E-01
    0.2579E-01
    0.2579E-01
    0.2579E-01
    0.2578E-01
    0.2578E-01
    0.2577E-01
    0.2577E-01
    0.2577E-01
    0.2576E-01
    0.2576E-01
    0.2575E-01
    0.2575E-01
    0.2574E-01
    0.2574E-01
    0.2573E-01
    0.2573E-01
    0.2572E-01
    0.2572E-01
    0.2571E-01
    0.2571E-01
    0.2570E-01
    0.2569E-01
    0.2569E-01
    0.2568E-01
    0.2567E-01
    0.2566E-01
    0.2566E-01
    0.2565E-01
    0.2564E-01
    0.2563E-01
    0.2563E-01
    0.2562E-01
    0.2561E-01
    0.2560E-01
    0.2559E-01
    0.2558E-01
    0.2558E-01
    0.2557E-01
    0.2556E-01
    0.2555E-01
    0.2554E-01
    0.2552E-01
    0.2551E-01
    0.2550E-01
    0.2548E-01
    0.2546E-01
    0.2545E-01
    0.2543E-01
    0.2541E-01
    0.2539E-01
    0.2537E-01
    0.2536E-01
    0.2534E-01
    0.2532E-01
    0.2531E-01
    0.2529E-01
    0.2528E-01
    0.2526E-01
    0.2525E-01
    0.2524E-01
    0.2522E-01
    0.2521E-01
    0.2519E-01
    0.2517E-01
    0.2515E-01
    0.2513E-01
    0.2511E-01
    0.2508E-01
    0.2506E-01
    0.2503E-01
    0.2501E-01
    0.2498E-01
    0.2495E-01
    0.2492E-01
    0.2490E-01
    0.2487E-01
    0.2484E-01
    0.2481E-01
    0.2479E-01
    0.2476E-01
    0.2474E-01
    0.2472E-01
    0.2470E-01
    0.2468E-01
    0.2992E-01
    0.2992E-01
    0.2992E-01
    0.2992E-01
    0.2992E-01
    0.2992E-01
    0.2991E-01
    0.2991E-01
    0.2991E-01
    0.2991E-01
    0.2991E-01
    0.2991E-01
    0.2991E-01
    0.2991E-01
    0.2991E-01
    0.2991E-01
    0.2991E-01
    0.2991E-01
    0.2991E-01
    0.2991E-01
    0.2991E-01
    0.2991E-01
    0.2991E-01
    0.2991E-01
    0.2991E-01
    0.2991E-01
    0.2991E-01
    0.2991E-01
    0.2991E-01
    0.2991E-01
    0.2991E-01
    0.2991E-01
    0.2991E-01
    0.2991E-01
    0.2991E-01
    0.2991E-01
    0.2991E-01
    0.2991E-01
    0.2990E-01
    0.2990E-01
    0.2990E-01
    0.2990E-01
    0.2990E-01
    0.2990E-01
    0.2990E-01
    0.2990E-01
    0.2990E-01
    0.2990E-01
    0.2990E-01
    0.2990E-01
    0.2990E-01
    0.2990E-01
    0.2990E-01
    0.2990E-01
    0.2990E-01
    0.2990E-01
    0.2989E-01
    0.2989E-01
    0.2989E-01
    0.2989E-01
    0.2989E-01
    0.2989E-01
    0.2989E-01
    0.2989E-01
    0.2989E-01
    0.2989E-01
    0.2989E-01
    0.2988E-01
    0.2988E-01
    0.2988E-01
    0.2988E-01
    0.2988E-01
    0.2988E-01
    0.2988E-01
    0.2988E-01
    0.2988E-01
    0.2987E-01
    0.2987E-01
    0.2987E-01
    0.2987E-01
    0.2987E-01
    0.2987E-01
    0.2987E-01
    0.2986E-01
    0.2986E-01
    0.2986E-01
    0.2986E-01
    0.2986E-01
    0.2985E-01
    0.2985E-01
    0.2985E-01
    0.2985E-01
    0.2985E-01
    0.2984E-01
    0.2984E-01
    0.2984E-01
    0.2984E-01
    0.2984E-01
    0.2983E-01
    0.2983E-01
    0.2983E-01
    0.2983E-01
    0.2982E-01
    0.2982E-01
    0.2982E-01
    0.2981E-01
    0.2981E-01
    0.2981E-01
    0.2980E-01
    0.2980E-01
    0.2980E-01
    0.2979E-01
    0.2979E-01
    0.2979E-01
    0.2978E-01
    0.2978E-01
    0.2977E-01
    0.2977E-01
    0.2977E-01
    0.2976E-01
    0.2976E-01
    0.2975E-01
    0.2975E-01
    0.2974E-01
    0.2974E-01
    0.2973E-01
    0.2973E-01
    0.2972E-01
    0.2971E-01
    0.2971E-01
    0.2970E-01
    0.2970E-01
    0.2969E-01
    0.2968E-01
    0.2967E-01
    0.2967E-01
    0.2966E-01
    0.2965E-01
    0.2965E-01
    0.2964E-01
    0.2963E-01
    0.2962E-01
    0.2961E-01
    0.2960E-01
    0.2959E-01
    0.2958E-01
    0.2957E-01
    0.2956E-01
    0.2955E-01
    0.2954E-01
    0.2953E-01
    0.2952E-01
    0.2951E-01
    0.2950E-01
    0.2949E-01
    0.2948E-01
    0.2946E-01
    0.2945E-01
    0.2944E-01
    0.2942E-01
    0.2940E-01
    0.2938E-01
    0.2936E-01
    0.2934E-01
    0.2932E-01
    0.2930E-01
    0.2927E-01
    0.2925E-01
    0.2923E-01
    0.2921E-01
    0.2919E-01
    0.2917E-01
    0.2915E-01
    0.2913E-01
    0.2911E-01
    0.2910E-01
    0.2908E-01
    0.2906E-01
    0.2904E-01
    0.2902E-01
    0.2900E-01
    0.2897E-01
    0.2895E-01
    0.2892E-01
    0.2889E-01
    0.2886E-01
    0.2883E-01
    0.2879E-01
    0.2876E-01
    0.2872E-01
    0.2869E-01
    0.2866E-01
    0.2862E-01
    0.2859E-01
    0.2856E-01
    0.2852E-01
    0.2849E-01
    0.2846E-01
    0.2843E-01
    0.2841E-01
    0.2838E-01
    0.3454E-01
    0.3454E-01
    0.3454E-01
    0.3454E-01
    0.3454E-01
    0.3454E-01
    0.3454E-01
    0.3454E-01
    0.3454E-01
    0.3454E-01
    0.3454E-01
    0.3454E-01
    0.3454E-01
    0.3454E-01
    0.3454E-01
    0.3454E-01
    0.3454E-01
    0.3454E-01
    0.3454E-01
    0.3454E-01
    0.3454E-01
    0.3454E-01
    0.3454E-01
    0.3453E-01
    0.3453E-01
    0.3453E-01
    0.3453E-01
    0.3453E-01
    0.3453E-01
    0.3453E-01
    0.3453E-01
    0.3453E-01
    0.3453E-01
    0.3453E-01
    0.3453E-01
    0.3453E-01
    0.3453E-01
    0.3453E-01
    0.3453E-01
    0.3453E-01
    0.3453E-01
    0.3453E-01
    0.3453E-01
    0.3452E-01
    0.3452E-01
    0.3452E-01
    0.3452E-01
    0.3452E-01
    0.3452E-01
    0.3452E-01
    0.3452E-01
    0.3452E-01
    0.3452E-01
    0.3452E-01
    0.3452E-01
    0.3452E-01
    0.3451E-01
    0.3451E-01
    0.3451E-01
    0.3451E-01
    0.3451E-01
    0.3451E-01
    0.3451E-01
    0.3451E-01
    0.3451E-01
    0.3450E-01
    0.3450E-01
    0.3450E-01
    0.3450E-01
    0.3450E-01
    0.3450E-01
    0.3450E-01
    0.3450E-01
    0.3449E-01
    0.3449E-01
    0.3449E-01
    0.3449E-01
    0.3449E-01
    0.3449E-01
    0.3448E-01
    0.3448E-01
    0.3448E-01
    0.3448E-01
    0.3448E-01
    0.3447E-01
    0.3447E-01
    0.3447E-01
    0.3447E-01
    0.3447E-01
    0.3446E-01
    0.3446E-01
    0.3446E-01
    0.3446E-01
    0.3445E-01
    0.3445E-01
    0.3445E-01
    0.3444E-01
    0.3444E-01
    0.3444E-01
    0.3444E-01
    0.3443E-01
    0.3443E-01
    0.3443E-01
    0.3442E-01
    0.3442E-01
    0.3441E-01
    0.3441E-01
    0.3441E-01
    0.3440E-01
    0.3440E-01
    0.3439E-01
    0.3439E-01
    0.3439E-01
    0.3438E-01
    0.3438E-01
    0.3437E-01
    0.3437E-01
    0.3436E-01
    0.3435E-01
    0.3435E-01
    0.3434E-01
    0.3434E-01
    0.3433E-01
    0.3432E-01
    0.3432E-01
    0.3431E-01
    0.3430E-01
    0.3430E-01
    0.3429E-01
    0.3428E-01
    0.3428E-01
    0.3427E-01
    0.3426E-01
    0.3425E-01
    0.3424E-01
    0.3423E-01
    0.3422E-01
    0.3422E-01
    0.3421E-01
    0.3420E-01
    0.3418E-01
    0.3417E-01
    0.3416E-01
    0.3415E-01
    0.3414E-01
    0.3413E-01
    0.3411E-01
    0.3410E-01
    0.3409E-01
    0.3408E-01
    0.3406E-01
    0.3405E-01
    0.3404E-01
    0.3402E-01
    0.3401E-01
    0.3400E-01
    0.3398E-01
    0.3396E-01
    0.3394E-01
    0.3392E-01
    0.3390E-01
    0.3388E-01
    0.3385E-01
    0.3383E-01
    0.3380E-01
    0.3377E-01
    0.3374E-01
    0.3372E-01
    0.3369E-01
    0.3366E-01
    0.3364E-01
    0.3361E-01
    0.3359E-01
    0.3357E-01
    0.3355E-01
    0.3353E-01
    0.3350E-01
    0.3348E-01
    0.3346E-01
    0.3343E-01
    0.3340E-01
    0.3337E-01
    0.3334E-01
    0.3330E-01
    0.3327E-01
    0.3323E-01
    0.3319E-01
    0.3315E-01
    0.3311E-01
    0.3306E-01
    0.3302E-01
    0.3298E-01
    0.3294E-01
    0.3290E-01
    0.3285E-01
    0.3281E-01
    0.3278E-01
    0.3274E-01
    0.3270E-01
    0.3267E-01
    0.3264E-01
    0.3988E-01
    0.3988E-01
    0.3988E-01
    0.3988E-01
    0.3988E-01
    0.3988E-01
    0.3988E-01
    0.3988E-01
    0.3988E-01
    0.3988E-01
    0.3988E-01
    0.3988E-01
    0.3988E-01
    0.3988E-01
    0.3988E-01
    0.3988E-01
    0.3988E-01
    0.3988E-01
    0.3988E-01
    0.3988E-01
    0.3988E-01
    0.3988E-01
    0.3988E-01
    0.3987E-01
    0.3987E-01
    0.3987E-01
    0.3987E-01
    0.3987E-01
    0.3987E-01
    0.3987E-01
    0.3987E-01
    0.3987E-01
    0.3987E-01
    0.3987E-01
    0.3987E-01
    0.3987E-01
    0.3987E-01
    0.3987E-01
    0.3987E-01
    0.3987E-01
    0.3986E-01
    0.3986E-01
    0.3986E-01
    0.3986E-01
    0.3986E-01
    0.3986E-01
    0.3986E-01
    0.3986E-01
    0.3986E-01
    0.3986E-01
    0.3986E-01
    0.3986E-01
    0.3985E-01
    0.3985E-01
    0.3985E-01
    0.3985E-01
    0.3985E-01
    0.3985E-01
    0.3985E-01
    0.3985E-01
    0.3984E-01
    0.3984E-01
    0.3984E-01
    0.3984E-01
    0.3984E-01
    0.3984E-01
    0.3984E-01
    0.3983E-01
    0.3983E-01
    0.3983E-01
    0.3983E-01
    0.3983E-01
    0.3983E-01
    0.3982E-01
    0.3982E-01
    0.3982E-01
    0.3982E-01
    0.3982E-01
    0.3981E-01
    0.3981E-01
    0.3981E-01
    0.3981E-01
    0.3981E-01
    0.3980E-01
    0.3980E-01
    0.3980E-01
    0.3979E-01
    0.3979E-01
    0.3979E-01
    0.3979E-01
    0.3978E-01
    0.3978E-01
    0.3978E-01
    0.3977E-01
    0.3977E-01
    0.3977E-01
    0.3976E-01
    0.3976E-01
    0.3976E-01
    0.3975E-01
    0.3975E-01
    0.3974E-01
    0.3974E-01
    0.3973E-01
    0.3973E-01
    0.3973E-01
    0.3972E-01
    0.3972E-01
    0.3971E-01
    0.3971E-01
    0.3970E-01
    0.3969E-01
    0.3969E-01
    0.3968E-01
    0.3968E-01
    0.3967E-01
    0.3966E-01
    0.3966E-01
    0.3965E-01
    0.3964E-01
    0.3964E-01
    0.3963E-01
    0.3962E-01
    0.3961E-01
    0.3961E-01
    0.3960E-01
    0.3959E-01
    0.3958E-01
    0.3957E-01
    0.3956E-01
    0.3955E-01
    0.3954E-01
    0.3953E-01
    0.3952E-01
    0.3951E-01
    0.3950E-01
    0.3949E-01
    0.3948E-01
    0.3947E-01
    0.3945E-01
    0.3944E-01
    0.3943E-01
    0.3941E-01
    0.3940E-01
    0.3938E-01
    0.3937E-01
    0.3935E-01
    0.3934E-01
    0.3932E-01
    0.3931E-01
    0.3929E-01
    0.3927E-01
    0.3926E-01
    0.3924E-01
    0.3922E-01
    0.3921E-01
    0.3919E-01
    0.3917E-01
    0.3914E-01
    0.3912E-01
    0.3909E-01
    0.3906E-01
    0.3903E-01
    0.3900E-01
    0.3896E-01
    0.3893E-01
    0.3889E-01
    0.3886E-01
    0.3882E-01
    0.3879E-01
    0.3876E-01
    0.3873E-01
    0.3870E-01
    0.3868E-01
    0.3865E-01
    0.3862E-01
    0.3860E-01
    0.3857E-01
    0.3854E-01
    0.3850E-01
    0.3847E-01
    0.3843E-01
    0.3839E-01
    0.3835E-01
    0.3830E-01
    0.3825E-01
    0.3820E-01
    0.3815E-01
    0.3810E-01
    0.3805E-01
    0.3800E-01
    0.3794E-01
    0.3789E-01
    0.3784E-01
    0.3779E-01
    0.3774E-01
    0.3769E-01
    0.3765E-01
    0.3760E-01
    0.3756E-01
    0.3752E-01
    0.4605E-01
    0.4605E-01
    0.4605E-01
    0.4605E-01
    0.4605E-01
    0.4605E-01
    0.4605E-01
    0.4605E-01
    0.4605E-01
    0.4605E-01
    0.4605E-01
    0.4605E-01
    0.4605E-01
    0.4605E-01
    0.4604E-01
    0.4604E-01
    0.4604E-01
    0.4604E-01
    0.4604E-01
    0.4604E-01
    0.4604E-01
    0.4604E-01
    0.4604E-01
    0.4604E-01
    0.4604E-01
    0.4604E-01
    0.4604E-01
    0.4604E-01
    0.4604E-01
    0.4603E-01
    0.4603E-01
    0.4603E-01
    0.4603E-01
    0.4603E-01
    0.4603E-01
    0.4603E-01
    0.4603E-01
    0.4603E-01
    0.4603E-01
    0.4603E-01
    0.4603E-01
    0.4603E-01
    0.4603E-01
    0.4603E-01
    0.4602E-01
    0.4602E-01
    0.4602E-01
    0.4602E-01
    0.4602E-01
    0.4602E-01
    0.4602E-01
    0.4602E-01
    0.4602E-01
    0.4601E-01
    0.4601E-01
    0.4601E-01
    0.4601E-01
    0.4601E-01
    0.4601E-01
    0.4600E-01
    0.4600E-01
    0.4600E-01
    0.4600E-01
    0.4600E-01
    0.4600E-01
    0.4600E-01
    0.4599E-01
    0.4599E-01
    0.4599E-01
    0.4599E-01
    0.4599E-01
    0.4598E-01
    0.4598E-01
    0.4598E-01
    0.4598E-01
    0.4598E-01
    0.4597E-01
    0.4597E-01
    0.4597E-01
    0.4597E-01
    0.4596E-01
    0.4596E-01
    0.4596E-01
    0.4595E-01
    0.4595E-01
    0.4595E-01
    0.4594E-01
    0.4594E-01
    0.4593E-01
    0.4593E-01
    0.4593E-01
    0.4592E-01
    0.4592E-01
    0.4591E-01
    0.4591E-01
    0.4591E-01
    0.4590E-01
    0.4590E-01
    0.4589E-01
    0.4589E-01
    0.4588E-01
    0.4588E-01
    0.4587E-01
    0.4587E-01
    0.4586E-01
    0.4586E-01
    0.4585E-01
    0.4584E-01
    0.4584E-01
    0.4583E-01
    0.4583E-01
    0.4582E-01
    0.4581E-01
    0.4580E-01
    0.4580E-01
    0.4579E-01
    0.4578E-01
    0.4577E-01
    0.4576E-01
    0.4575E-01
    0.4575E-01
    0.4574E-01
    0.4573E-01
    0.4572E-01
    0.4571E-01
    0.4570E-01
    0.4569E-01
    0.4567E-01
    0.4566E-01
    0.4565E-01
    0.4564E-01
    0.4563E-01
    0.4562E-01
    0.4560E-01
    0.4559E-01
    0.4558E-01
    0.4556E-01
    0.4555E-01
    0.4553E-01
    0.4552E-01
    0.4550E-01
    0.4549E-01
    0.4547E-01
    0.4545E-01
    0.4543E-01
    0.4541E-01
    0.4540E-01
    0.4538E-01
    0.4536E-01
    0.4534E-01
    0.4532E-01
    0.4530E-01
    0.4528E-01
    0.4526E-01
    0.4524E-01
    0.4521E-01
    0.4519E-01
    0.4516E-01
    0.4513E-01
    0.4510E-01
    0.4507E-01
    0.4503E-01
    0.4499E-01
    0.4495E-01
    0.4491E-01
    0.4487E-01
    0.4482E-01
    0.4478E-01
    0.4474E-01
    0.4470E-01
    0.4466E-01
    0.4462E-01
    0.4459E-01
    0.4455E-01
    0.4452E-01
    0.4449E-01
    0.4446E-01
    0.4442E-01
    0.4438E-01
    0.4434E-01
    0.4430E-01
    0.4425E-01
    0.4420E-01
    0.4415E-01
    0.4409E-01
    0.4403E-01
    0.4397E-01
    0.4391E-01
    0.4384E-01
    0.4378E-01
    0.4371E-01
    0.4365E-01
    0.4358E-01
    0.4352E-01
    0.4345E-01
    0.4339E-01
    0.4333E-01
    0.4328E-01
    0.4322E-01
    0.4317E-01
    0.4312E-01
    0.5318E-01
    0.5318E-01
    0.5318E-01
    0.5317E-01
    0.5317E-01
    0.5317E-01
    0.5317E-01
    0.5317E-01
    0.5317E-01
    0.5317E-01
    0.5317E-01
    0.5317E-01
    0.5317E-01
    0.5317E-01
    0.5317E-01
    0.5317E-01
    0.5317E-01
    0.5317E-01
    0.5316E-01
    0.5316E-01
    0.5316E-01
    0.5316E-01
    0.5316E-01
    0.5316E-01
    0.5316E-01
    0.5316E-01
    0.5316E-01
    0.5316E-01
    0.5316E-01
    0.5316E-01
    0.5315E-01
    0.5315E-01
    0.5315E-01
    0.5315E-01
    0.5315E-01
    0.5315E-01
    0.5315E-01
    0.5315E-01
    0.5315E-01
    0.5315E-01
    0.5315E-01
    0.5314E-01
    0.5314E-01
    0.5314E-01
    0.5314E-01
    0.5314E-01
    0.5314E-01
    0.5314E-01
    0.5314E-01
    0.5313E-01
    0.5313E-01
    0.5313E-01
    0.5313E-01
    0.5313E-01
    0.5313E-01
    0.5313E-01
    0.5312E-01
    0.5312E-01
    0.5312E-01
    0.5312E-01
    0.5312E-01
    0.5311E-01
    0.5311E-01
    0.5311E-01
    0.5311E-01
    0.5311E-01
    0.5310E-01
    0.5310E-01
    0.5310E-01
    0.5310E-01
    0.5309E-01
    0.5309E-01
    0.5309E-01
    0.5309E-01
    0.5308E-01
    0.5308E-01
    0.5308E-01
    0.5307E-01
    0.5307E-01
    0.5307E-01
    0.5306E-01
    0.5306E-01
    0.5306E-01
    0.5305E-01
    0.5305E-01
    0.5304E-01
    0.5304E-01
    0.5303E-01
    0.5303E-01
    0.5303E-01
    0.5302E-01
    0.5302E-01
    0.5301E-01
    0.5301E-01
    0.5300E-01
    0.5300E-01
    0.5299E-01
    0.5299E-01
    0.5298E-01
    0.5297E-01
    0.5297E-01
    0.5296E-01
    0.5296E-01
    0.5295E-01
    0.5294E-01
    0.5293E-01
    0.5293E-01
    0.5292E-01
    0.5291E-01
    0.5290E-01
    0.5290E-01
    0.5289E-01
    0.5288E-01
    0.5287E-01
    0.5286E-01
    0.5285E-01
    0.5284E-01
    0.5283E-01
    0.5282E-01
    0.5281E-01
    0.5280E-01
    0.5278E-01
    0.5277E-01
    0.5276E-01
    0.5275E-01
    0.5273E-01
    0.5272E-01
    0.5271E-01
    0.5269E-01
    0.5268E-01
    0.5267E-01
    0.5265E-01
    0.5264E-01
    0.5262E-01
    0.5260E-01
    0.5259E-01
    0.5257E-01
    0.5255E-01
    0.5253E-01
    0.5251E-01
    0.5249E-01
    0.5247E-01
    0.5245E-01
    0.5243E-01
    0.5241E-01
    0.5238E-01
    0.5236E-01
    0.5234E-01
    0.5231E-01
    0.5229E-01
    0.5226E-01
    0.5224E-01
    0.5221E-01
    0.5219E-01
    0.5216E-01
    0.5213E-01
    0.5210E-01
    0.5207E-01
    0.5203E-01
    0.5200E-01
    0.5195E-01
    0.5191E-01
    0.5186E-01
    0.5181E-01
    0.5176E-01
    0.5170E-01
    0.5165E-01
    0.5160E-01
    0.5154E-01
    0.5149E-01
    0.5145E-01
    0.5140E-01
    0.5136E-01
    0.5132E-01
    0.5128E-01
    0.5123E-01
    0.5119E-01
    0.5115E-01
    0.5110E-01
    0.5105E-01
    0.5100E-01
    0.5094E-01
    0.5088E-01
    0.5081E-01
    0.5074E-01
    0.5067E-01
    0.5059E-01
    0.5051E-01
    0.5043E-01
    0.5035E-01
    0.5027E-01
    0.5019E-01
    0.5011E-01
    0.5003E-01
    0.4995E-01
    0.4988E-01
    0.4980E-01
    0.4973E-01
    0.4966E-01
    0.4960E-01
    0.4954E-01
    0.6140E-01
    0.6140E-01
    0.6140E-01
    0.6140E-01
    0.6140E-01
    0.6140E-01
    0.6140E-01
    0.6140E-01
    0.6140E-01
    0.6140E-01
    0.6139E-01
    0.6139E-01
    0.6139E-01
    0.6139E-01
    0.6139E-01
    0.6139E-01
    0.6139E-01
    0.6139E-01
    0.6139E-01
    0.6139E-01
    0.6139E-01
    0.6139E-01
    0.6139E-01
    0.6138E-01
    0.6138E-01
    0.6138E-01
    0.6138E-01
    0.6138E-01
    0.6138E-01
    0.6138E-01
    0.6138E-01
    0.6138E-01
    0.6138E-01
    0.6137E-01
    0.6137E-01
    0.6137E-01
    0.6137E-01
    0.6137E-01
    0.6137E-01
    0.6137E-01
    0.6137E-01
    0.6136E-01
    0.6136E-01
    0.6136E-01
    0.6136E-01
    0.6136E-01
    0.6136E-01
    0.6136E-01
    0.6135E-01
    0.6135E-01
    0.6135E-01
    0.6135E-01
    0.6135E-01
    0.6134E-01
    0.6134E-01
    0.6134E-01
    0.6134E-01
    0.6134E-01
    0.6133E-01
    0.6133E-01
    0.6133E-01
    0.6133E-01
    0.6133E-01
    0.6132E-01
    0.6132E-01
    0.6132E-01
    0.6131E-01
    0.6131E-01
    0.6131E-01
    0.6131E-01
    0.6130E-01
    0.6130E-01
    0.6129E-01
    0.6129E-01
    0.6129E-01
    0.6128E-01
    0.6128E-01
    0.6127E-01
    0.6127E-01
    0.6127E-01
    0.6126E-01
    0.6126E-01
    0.6125E-01
    0.6125E-01
    0.6124E-01
    0.6124E-01
    0.6123E-01
    0.6123E-01
    0.6122E-01
    0.6122E-01
    0.6121E-01
    0.6120E-01
    0.6120E-01
    0.6119E-01
    0.6118E-01
    0.6118E-01
    0.6117E-01
    0.6116E-01
    0.6116E-01
    0.6115E-01
    0.6114E-01
    0.6113E-01
    0.6113E-01
    0.6112E-01
    0.6111E-01
    0.6110E-01
    0.6109E-01
    0.6108E-01
    0.6107E-01
    0.6106E-01
    0.6105E-01
    0.6104E-01
    0.6103E-01
    0.6102E-01
    0.6101E-01
    0.6100E-01
    0.6098E-01
    0.6097E-01
    0.6096E-01
    0.6095E-01
    0.6093E-01
    0.6092E-01
    0.6090E-01
    0.6089E-01
    0.6087E-01
    0.6086E-01
    0.6084E-01
    0.6082E-01
    0.6081E-01
    0.6079E-01
    0.6077E-01
    0.6075E-01
    0.6073E-01
    0.6071E-01
    0.6069E-01
    0.6067E-01
    0.6065E-01
    0.6063E-01
    0.6061E-01
    0.6058E-01
    0.6056E-01
    0.6053E-01
    0.6050E-01
    0.6048E-01
    0.6045E-01
    0.6042E-01
    0.6039E-01
    0.6036E-01
    0.6033E-01
    0.6030E-01
    0.6027E-01
    0.6024E-01
    0.6021E-01
    0.6018E-01
    0.6014E-01
    0.6011E-01
    0.6007E-01
    0.6003E-01
    0.5999E-01
    0.5994E-01
    0.5989E-01
    0.5983E-01
    0.5977E-01
    0.5971E-01
    0.5965E-01
    0.5958E-01
    0.5951E-01
    0.5945E-01
    0.5938E-01
    0.5932E-01
    0.5926E-01
    0.5920E-01
    0.5915E-01
    0.5910E-01
    0.5904E-01
    0.5899E-01
    0.5894E-01
    0.5889E-01
    0.5883E-01
    0.5877E-01
    0.5870E-01
    0.5863E-01
    0.5855E-01
    0.5847E-01
    0.5838E-01
    0.5829E-01
    0.5819E-01
    0.5810E-01
    0.5800E-01
    0.5790E-01
    0.5780E-01
    0.5770E-01
    0.5760E-01
    0.5750E-01
    0.5740E-01
    0.5731E-01
    0.5722E-01
    0.5713E-01
    0.5705E-01
    0.5697E-01
    0.5690E-01
    0.7090E-01
    0.7090E-01
    0.7090E-01
    0.7090E-01
    0.7090E-01
    0.7090E-01
    0.7090E-01
    0.7090E-01
    0.7089E-01
    0.7089E-01
    0.7089E-01
    0.7089E-01
    0.7089E-01
    0.7089E-01
    0.7089E-01
    0.7089E-01
    0.7089E-01
    0.7089E-01
    0.7089E-01
    0.7088E-01
    0.7088E-01
    0.7088E-01
    0.7088E-01
    0.7088E-01
    0.7088E-01
    0.7088E-01
    0.7088E-01
    0.7088E-01
    0.7087E-01
    0.7087E-01
    0.7087E-01
    0.7087E-01
    0.7087E-01
    0.7087E-01
    0.7087E-01
    0.7086E-01
    0.7086E-01
    0.7086E-01
    0.7086E-01
    0.7086E-01
    0.7086E-01
    0.7086E-01
    0.7085E-01
    0.7085E-01
    0.7085E-01
    0.7085E-01
    0.7085E-01
    0.7084E-01
    0.7084E-01
    0.7084E-01
    0.7084E-01
    0.7084E-01
    0.7083E-01
    0.7083E-01
    0.7083E-01
    0.7082E-01
    0.7082E-01
    0.7082E-01
    0.7082E-01
    0.7081E-01
    0.7081E-01
    0.7081E-01
    0.7080E-01
    0.7080E-01
    0.7080E-01
    0.7079E-01
    0.7079E-01
    0.7079E-01
    0.7078E-01
    0.7078E-01
    0.7078E-01
    0.7077E-01
    0.7077E-01
    0.7076E-01
    0.7076E-01
    0.7075E-01
    0.7075E-01
    0.7074E-01
    0.7074E-01
    0.7073E-01
    0.7073E-01
    0.7072E-01
    0.7072E-01
    0.7071E-01
    0.7070E-01
    0.7070E-01
    0.7069E-01
    0.7068E-01
    0.7068E-01
    0.7067E-01
    0.7066E-01
    0.7066E-01
    0.7065E-01
    0.7064E-01
    0.7063E-01
    0.7063E-01
    0.7062E-01
    0.7061E-01
    0.7060E-01
    0.7059E-01
    0.7058E-01
    0.7057E-01
    0.7056E-01
    0.7055E-01
    0.7054E-01
    0.7053E-01
    0.7052E-01
    0.7050E-01
    0.7049E-01
    0.7048E-01
    0.7047E-01
    0.7045E-01
    0.7044E-01
    0.7043E-01
    0.7041E-01
    0.7040E-01
    0.7038E-01
    0.7037E-01
    0.7035E-01
    0.7034E-01
    0.7032E-01
    0.7030E-01
    0.7028E-01
    0.7026E-01
    0.7024E-01
    0.7022E-01
    0.7020E-01
    0.7018E-01
    0.7016E-01
    0.7014E-01
    0.7012E-01
    0.7009E-01
    0.7007E-01
    0.7005E-01
    0.7002E-01
    0.6999E-01
    0.6997E-01
    0.6994E-01
    0.6991E-01
    0.6988E-01
    0.6985E-01
    0.6982E-01
    0.6979E-01
    0.6975E-01
    0.6972E-01
    0.6968E-01
    0.6965E-01
    0.6961E-01
    0.6957E-01
    0.6953E-01
    0.6950E-01
    0.6946E-01
    0.6942E-01
    0.6938E-01
    0.6934E-01
    0.6930E-01
    0.6925E-01
    0.6920E-01
    0.6915E-01
    0.6909E-01
    0.6902E-01
    0.6895E-01
    0.6888E-01
    0.6880E-01
    0.6872E-01
    0.6864E-01
    0.6855E-01
    0.6847E-01
    0.6839E-01
    0.6831E-01
    0.6824E-01
    0.6817E-01
    0.6810E-01
    0.6804E-01
    0.6798E-01
    0.6791E-01
    0.6785E-01
    0.6778E-01
    0.6771E-01
    0.6764E-01
    0.6755E-01
    0.6746E-01
    0.6737E-01
    0.6726E-01
    0.6715E-01
    0.6704E-01
    0.6692E-01
    0.6680E-01
    0.6668E-01
    0.6656E-01
    0.6643E-01
    0.6631E-01
    0.6618E-01
    0.6606E-01
    0.6594E-01
    0.6583E-01
    0.6571E-01
    0.6560E-01
    0.6550E-01
    0.6540E-01
    0.6531E-01
    0.8187E-01
    0.8187E-01
    0.8187E-01
    0.8187E-01
    0.8187E-01
    0.8187E-01
    0.8187E-01
    0.8187E-01
    0.8187E-01
    0.8186E-01
    0.8186E-01
    0.8186E-01
    0.8186E-01
    0.8186E-01
    0.8186E-01
    0.8186E-01
    0.8186E-01
    0.8185E-01
    0.8185E-01
    0.8185E-01
    0.8185E-01
    0.8185E-01
    0.8185E-01
    0.8185E-01
    0.8185E-01
    0.8184E-01
    0.8184E-01
    0.8184E-01
    0.8184E-01
    0.8184E-01
    0.8184E-01
    0.8183E-01
    0.8183E-01
    0.8183E-01
    0.8183E-01
    0.8183E-01
    0.8182E-01
    0.8182E-01
    0.8182E-01
    0.8182E-01
    0.8182E-01
    0.8181E-01
    0.8181E-01
    0.8181E-01
    0.8181E-01
    0.8180E-01
    0.8180E-01
    0.8180E-01
    0.8180E-01
    0.8179E-01
    0.8179E-01
    0.8179E-01
    0.8179E-01
    0.8178E-01
    0.8178E-01
    0.8178E-01
    0.8177E-01
    0.8177E-01
    0.8177E-01
    0.8176E-01
    0.8176E-01
    0.8176E-01
    0.8175E-01
    0.8175E-01
    0.8174E-01
    0.8174E-01
    0.8173E-01
    0.8173E-01
    0.8173E-01
    0.8172E-01
    0.8171E-01
    0.8171E-01
    0.8170E-01
    0.8170E-01
    0.8169E-01
    0.8169E-01
    0.8168E-01
    0.8167E-01
    0.8167E-01
    0.8166E-01
    0.8165E-01
    0.8165E-01
    0.8164E-01
    0.8163E-01
    0.8163E-01
    0.8162E-01
    0.8161E-01
    0.8160E-01
    0.8160E-01
    0.8159E-01
    0.8158E-01
    0.8157E-01
    0.8156E-01
    0.8155E-01
    0.8154E-01
    0.8153E-01
    0.8152E-01
    0.8151E-01
    0.8150E-01
    0.8148E-01
    0.8147E-01
    0.8146E-01
    0.8145E-01
    0.8143E-01
    0.8142E-01
    0.8141E-01
    0.8139E-01
    0.8138E-01
    0.8136E-01
    0.8135E-01
    0.8133E-01
    0.8132E-01
    0.8130E-01
    0.8128E-01
    0.8126E-01
    0.8125E-01
    0.8123E-01
    0.8121E-01
    0.8119E-01
    0.8117E-01
    0.8115E-01
    0.8113E-01
    0.8110E-01
    0.8108E-01
    0.8106E-01
    0.8103E-01
    0.8101E-01
    0.8098E-01
    0.8095E-01
    0.8093E-01
    0.8090E-01
    0.8087E-01
    0.8084E-01
    0.8081E-01
    0.8078E-01
    0.8075E-01
    0.8071E-01
    0.8068E-01
    0.8064E-01
    0.8061E-01
    0.8057E-01
    0.8053E-01
    0.8049E-01
    0.8044E-01
    0.8040E-01
    0.8036E-01
    0.8031E-01
    0.8027E-01
    0.8022E-01
    0.8018E-01
    0.8013E-01
    0.8008E-01
    0.8003E-01
    0.7999E-01
    0.7994E-01
    0.7988E-01
    0.7982E-01
    0.7976E-01
    0.7969E-01
    0.7962E-01
    0.7954E-01
    0.7945E-01
    0.7936E-01
    0.7927E-01
    0.7916E-01
    0.7906E-01
    0.7896E-01
    0.7886E-01
    0.7876E-01
    0.7866E-01
    0.7857E-01
    0.7848E-01
    0.7840E-01
    0.7832E-01
    0.7824E-01
    0.7816E-01
    0.7808E-01
    0.7800E-01
    0.7791E-01
    0.7782E-01
    0.7771E-01
    0.7760E-01
    0.7748E-01
    0.7735E-01
    0.7722E-01
    0.7708E-01
    0.7694E-01
    0.7679E-01
    0.7664E-01
    0.7648E-01
    0.7633E-01
    0.7617E-01
    0.7602E-01
    0.7587E-01
    0.7572E-01
    0.7558E-01
    0.7544E-01
    0.7530E-01
    0.7517E-01
    0.7505E-01
    0.7494E-01
