    0.8618E+03
    0.8297E+03
    0.8003E+03
    0.7733E+03
    0.7486E+03
    0.7258E+03
    0.7050E+03
    0.6858E+03
    0.6682E+03
    0.6520E+03
    0.6371E+03
    0.6234E+03
    0.6109E+03
    0.5994E+03
    0.5888E+03
    0.5791E+03
    0.5702E+03
    0.5621E+03
    0.5546E+03
    0.5478E+03
    0.5416E+03
    0.5359E+03
    0.5308E+03
    0.5261E+03
    0.5218E+03
    0.5179E+03
    0.5144E+03
    0.5112E+03
    0.5083E+03
    0.5056E+03
    0.5032E+03
    0.5010E+03
    0.4990E+03
    0.4971E+03
    0.4953E+03
    0.4936E+03
    0.4920E+03
    0.4904E+03
    0.4889E+03
    0.4873E+03
    0.4857E+03
    0.4841E+03
    0.4824E+03
    0.4806E+03
    0.4788E+03
    0.4770E+03
    0.4751E+03
    0.4731E+03
    0.4711E+03
    0.4690E+03
    0.4669E+03
    0.4648E+03
    0.4626E+03
    0.4603E+03
    0.4580E+03
    0.4557E+03
    0.4533E+03
    0.4508E+03
    0.4483E+03
    0.4458E+03
    0.4432E+03
    0.4406E+03
    0.4379E+03
    0.4352E+03
    0.4325E+03
    0.4297E+03
    0.4269E+03
    0.4240E+03
    0.4211E+03
    0.4182E+03
    0.4152E+03
    0.4122E+03
    0.4092E+03
    0.4062E+03
    0.4031E+03
    0.4000E+03
    0.3969E+03
    0.3937E+03
    0.3906E+03
    0.3874E+03
    0.3842E+03
    0.3810E+03
    0.3778E+03
    0.3746E+03
    0.3713E+03
    0.3681E+03
    0.3648E+03
    0.3615E+03
    0.3583E+03
    0.3550E+03
    0.3517E+03
    0.3484E+03
    0.3451E+03
    0.3417E+03
    0.3384E+03
    0.3351E+03
    0.3317E+03
    0.3284E+03
    0.3250E+03
    0.3216E+03
    0.3183E+03
    0.3149E+03
    0.3115E+03
    0.3082E+03
    0.3048E+03
    0.3014E+03
    0.2981E+03
    0.2947E+03
    0.2914E+03
    0.2881E+03
    0.2848E+03
    0.2815E+03
    0.2782E+03
    0.2750E+03
    0.2718E+03
    0.2686E+03
    0.2655E+03
    0.2624E+03
    0.2593E+03
    0.2563E+03
    0.2534E+03
    0.2504E+03
    0.2476E+03
    0.2447E+03
    0.2419E+03
    0.2392E+03
    0.2365E+03
    0.2339E+03
    0.2314E+03
    0.2289E+03
    0.2264E+03
    0.2241E+03
    0.2217E+03
    0.2195E+03
    0.2173E+03
    0.2151E+03
    0.2130E+03
    0.2110E+03
    0.2091E+03
    0.2071E+03
    0.2053E+03
    0.2035E+03
    0.2018E+03
    0.2001E+03
    0.1985E+03
    0.1969E+03
    0.1954E+03
    0.1939E+03
    0.1925E+03
    0.1911E+03
    0.1897E+03
    0.1884E+03
    0.1872E+03
    0.1860E+03
    0.1848E+03
    0.1836E+03
    0.1825E+03
    0.1815E+03
    0.1804E+03
    0.1794E+03
    0.1784E+03
    0.1774E+03
    0.1765E+03
    0.1755E+03
    0.1746E+03
    0.1737E+03
    0.1729E+03
    0.1720E+03
    0.1712E+03
    0.1703E+03
    0.1695E+03
    0.1687E+03
    0.1679E+03
    0.1671E+03
    0.1663E+03
    0.1655E+03
    0.1647E+03
    0.1640E+03
    0.1632E+03
    0.1624E+03
    0.1616E+03
    0.1609E+03
    0.1601E+03
    0.1593E+03
    0.1586E+03
    0.1578E+03
    0.1570E+03
    0.1563E+03
    0.1555E+03
    0.1548E+03
    0.1540E+03
    0.1533E+03
    0.1525E+03
    0.1518E+03
    0.1510E+03
    0.1503E+03
    0.1496E+03
    0.1488E+03
    0.1481E+03
    0.1474E+03
    0.1467E+03
    0.1009E+04
    0.9706E+03
    0.9351E+03
    0.9026E+03
    0.8728E+03
    0.8455E+03
    0.8204E+03
    0.7973E+03
    0.7761E+03
    0.7567E+03
    0.7388E+03
    0.7224E+03
    0.7074E+03
    0.6935E+03
    0.6808E+03
    0.6692E+03
    0.6585E+03
    0.6488E+03
    0.6398E+03
    0.6317E+03
    0.6242E+03
    0.6174E+03
    0.6111E+03
    0.6055E+03
    0.6003E+03
    0.5956E+03
    0.5913E+03
    0.5875E+03
    0.5839E+03
    0.5807E+03
    0.5777E+03
    0.5750E+03
    0.5725E+03
    0.5701E+03
    0.5679E+03
    0.5658E+03
    0.5638E+03
    0.5619E+03
    0.5599E+03
    0.5580E+03
    0.5560E+03
    0.5540E+03
    0.5519E+03
    0.5497E+03
    0.5475E+03
    0.5452E+03
    0.5428E+03
    0.5404E+03
    0.5380E+03
    0.5355E+03
    0.5329E+03
    0.5303E+03
    0.5276E+03
    0.5248E+03
    0.5220E+03
    0.5192E+03
    0.5163E+03
    0.5133E+03
    0.5103E+03
    0.5072E+03
    0.5041E+03
    0.5010E+03
    0.4978E+03
    0.4946E+03
    0.4913E+03
    0.4879E+03
    0.4846E+03
    0.4812E+03
    0.4777E+03
    0.4743E+03
    0.4708E+03
    0.4672E+03
    0.4637E+03
    0.4601E+03
    0.4565E+03
    0.4529E+03
    0.4492E+03
    0.4455E+03
    0.4418E+03
    0.4381E+03
    0.4344E+03
    0.4307E+03
    0.4269E+03
    0.4232E+03
    0.4194E+03
    0.4156E+03
    0.4118E+03
    0.4080E+03
    0.4042E+03
    0.4004E+03
    0.3965E+03
    0.3927E+03
    0.3888E+03
    0.3850E+03
    0.3811E+03
    0.3772E+03
    0.3734E+03
    0.3695E+03
    0.3656E+03
    0.3617E+03
    0.3578E+03
    0.3539E+03
    0.3500E+03
    0.3462E+03
    0.3423E+03
    0.3384E+03
    0.3346E+03
    0.3308E+03
    0.3270E+03
    0.3232E+03
    0.3194E+03
    0.3157E+03
    0.3120E+03
    0.3084E+03
    0.3048E+03
    0.3012E+03
    0.2977E+03
    0.2943E+03
    0.2909E+03
    0.2875E+03
    0.2842E+03
    0.2810E+03
    0.2778E+03
    0.2747E+03
    0.2716E+03
    0.2687E+03
    0.2657E+03
    0.2629E+03
    0.2601E+03
    0.2574E+03
    0.2547E+03
    0.2522E+03
    0.2496E+03
    0.2472E+03
    0.2448E+03
    0.2425E+03
    0.2403E+03
    0.2381E+03
    0.2360E+03
    0.2340E+03
    0.2320E+03
    0.2301E+03
    0.2283E+03
    0.2265E+03
    0.2247E+03
    0.2231E+03
    0.2214E+03
    0.2199E+03
    0.2183E+03
    0.2169E+03
    0.2154E+03
    0.2141E+03
    0.2127E+03
    0.2114E+03
    0.2102E+03
    0.2089E+03
    0.2077E+03
    0.2066E+03
    0.2054E+03
    0.2043E+03
    0.2032E+03
    0.2022E+03
    0.2011E+03
    0.2001E+03
    0.1991E+03
    0.1981E+03
    0.1972E+03
    0.1962E+03
    0.1953E+03
    0.1943E+03
    0.1934E+03
    0.1925E+03
    0.1916E+03
    0.1907E+03
    0.1898E+03
    0.1889E+03
    0.1880E+03
    0.1871E+03
    0.1862E+03
    0.1853E+03
    0.1844E+03
    0.1836E+03
    0.1827E+03
    0.1818E+03
    0.1809E+03
    0.1800E+03
    0.1791E+03
    0.1783E+03
    0.1774E+03
    0.1765E+03
    0.1756E+03
    0.1748E+03
    0.1739E+03
    0.1730E+03
    0.1722E+03
    0.1714E+03
    0.1705E+03
    0.1697E+03
    0.1689E+03
    0.1680E+03
    0.1672E+03
    0.1189E+04
    0.1142E+04
    0.1098E+04
    0.1058E+04
    0.1022E+04
    0.9885E+03
    0.9578E+03
    0.9297E+03
    0.9039E+03
    0.8803E+03
    0.8586E+03
    0.8386E+03
    0.8203E+03
    0.8035E+03
    0.7882E+03
    0.7740E+03
    0.7611E+03
    0.7493E+03
    0.7384E+03
    0.7285E+03
    0.7194E+03
    0.7112E+03
    0.7036E+03
    0.6967E+03
    0.6904E+03
    0.6847E+03
    0.6795E+03
    0.6748E+03
    0.6704E+03
    0.6665E+03
    0.6628E+03
    0.6595E+03
    0.6564E+03
    0.6535E+03
    0.6508E+03
    0.6482E+03
    0.6457E+03
    0.6433E+03
    0.6409E+03
    0.6385E+03
    0.6360E+03
    0.6335E+03
    0.6309E+03
    0.6282E+03
    0.6255E+03
    0.6227E+03
    0.6198E+03
    0.6169E+03
    0.6138E+03
    0.6108E+03
    0.6076E+03
    0.6045E+03
    0.6012E+03
    0.5979E+03
    0.5945E+03
    0.5910E+03
    0.5875E+03
    0.5840E+03
    0.5804E+03
    0.5767E+03
    0.5730E+03
    0.5692E+03
    0.5654E+03
    0.5615E+03
    0.5576E+03
    0.5537E+03
    0.5497E+03
    0.5457E+03
    0.5416E+03
    0.5375E+03
    0.5334E+03
    0.5292E+03
    0.5250E+03
    0.5208E+03
    0.5166E+03
    0.5124E+03
    0.5081E+03
    0.5038E+03
    0.4995E+03
    0.4952E+03
    0.4908E+03
    0.4865E+03
    0.4821E+03
    0.4777E+03
    0.4734E+03
    0.4690E+03
    0.4645E+03
    0.4601E+03
    0.4557E+03
    0.4512E+03
    0.4468E+03
    0.4423E+03
    0.4379E+03
    0.4334E+03
    0.4289E+03
    0.4244E+03
    0.4199E+03
    0.4154E+03
    0.4109E+03
    0.4064E+03
    0.4020E+03
    0.3975E+03
    0.3930E+03
    0.3886E+03
    0.3842E+03
    0.3798E+03
    0.3754E+03
    0.3710E+03
    0.3667E+03
    0.3625E+03
    0.3582E+03
    0.3540E+03
    0.3499E+03
    0.3458E+03
    0.3418E+03
    0.3378E+03
    0.3339E+03
    0.3301E+03
    0.3263E+03
    0.3226E+03
    0.3190E+03
    0.3154E+03
    0.3119E+03
    0.3085E+03
    0.3052E+03
    0.3019E+03
    0.2988E+03
    0.2957E+03
    0.2927E+03
    0.2897E+03
    0.2869E+03
    0.2841E+03
    0.2814E+03
    0.2788E+03
    0.2762E+03
    0.2738E+03
    0.2714E+03
    0.2690E+03
    0.2668E+03
    0.2646E+03
    0.2625E+03
    0.2605E+03
    0.2585E+03
    0.2566E+03
    0.2548E+03
    0.2530E+03
    0.2513E+03
    0.2496E+03
    0.2480E+03
    0.2464E+03
    0.2449E+03
    0.2434E+03
    0.2420E+03
    0.2406E+03
    0.2392E+03
    0.2379E+03
    0.2366E+03
    0.2353E+03
    0.2341E+03
    0.2329E+03
    0.2317E+03
    0.2305E+03
    0.2294E+03
    0.2282E+03
    0.2271E+03
    0.2260E+03
    0.2249E+03
    0.2239E+03
    0.2228E+03
    0.2218E+03
    0.2207E+03
    0.2197E+03
    0.2186E+03
    0.2176E+03
    0.2166E+03
    0.2155E+03
    0.2145E+03
    0.2135E+03
    0.2125E+03
    0.2115E+03
    0.2104E+03
    0.2094E+03
    0.2084E+03
    0.2074E+03
    0.2063E+03
    0.2053E+03
    0.2043E+03
    0.2033E+03
    0.2023E+03
    0.2013E+03
    0.2003E+03
    0.1993E+03
    0.1983E+03
    0.1973E+03
    0.1963E+03
    0.1953E+03
    0.1943E+03
    0.1934E+03
    0.1924E+03
    0.1915E+03
    0.1906E+03
    0.1406E+04
    0.1347E+04
    0.1293E+04
    0.1244E+04
    0.1199E+04
    0.1158E+04
    0.1120E+04
    0.1086E+04
    0.1054E+04
    0.1025E+04
    0.9986E+03
    0.9743E+03
    0.9520E+03
    0.9315E+03
    0.9127E+03
    0.8955E+03
    0.8798E+03
    0.8654E+03
    0.8522E+03
    0.8401E+03
    0.8291E+03
    0.8190E+03
    0.8098E+03
    0.8014E+03
    0.7938E+03
    0.7868E+03
    0.7804E+03
    0.7746E+03
    0.7693E+03
    0.7645E+03
    0.7600E+03
    0.7559E+03
    0.7521E+03
    0.7485E+03
    0.7452E+03
    0.7420E+03
    0.7389E+03
    0.7359E+03
    0.7330E+03
    0.7300E+03
    0.7270E+03
    0.7239E+03
    0.7207E+03
    0.7174E+03
    0.7141E+03
    0.7106E+03
    0.7071E+03
    0.7035E+03
    0.6998E+03
    0.6961E+03
    0.6923E+03
    0.6885E+03
    0.6845E+03
    0.6805E+03
    0.6764E+03
    0.6723E+03
    0.6681E+03
    0.6638E+03
    0.6595E+03
    0.6551E+03
    0.6507E+03
    0.6462E+03
    0.6417E+03
    0.6371E+03
    0.6324E+03
    0.6278E+03
    0.6231E+03
    0.6183E+03
    0.6135E+03
    0.6087E+03
    0.6039E+03
    0.5990E+03
    0.5941E+03
    0.5892E+03
    0.5842E+03
    0.5793E+03
    0.5743E+03
    0.5693E+03
    0.5643E+03
    0.5593E+03
    0.5542E+03
    0.5491E+03
    0.5441E+03
    0.5390E+03
    0.5339E+03
    0.5288E+03
    0.5236E+03
    0.5185E+03
    0.5134E+03
    0.5082E+03
    0.5030E+03
    0.4979E+03
    0.4927E+03
    0.4875E+03
    0.4823E+03
    0.4771E+03
    0.4719E+03
    0.4668E+03
    0.4616E+03
    0.4564E+03
    0.4513E+03
    0.4462E+03
    0.4411E+03
    0.4360E+03
    0.4310E+03
    0.4260E+03
    0.4210E+03
    0.4161E+03
    0.4112E+03
    0.4064E+03
    0.4017E+03
    0.3970E+03
    0.3924E+03
    0.3879E+03
    0.3834E+03
    0.3790E+03
    0.3747E+03
    0.3704E+03
    0.3663E+03
    0.3622E+03
    0.3582E+03
    0.3543E+03
    0.3505E+03
    0.3468E+03
    0.3432E+03
    0.3397E+03
    0.3362E+03
    0.3329E+03
    0.3296E+03
    0.3265E+03
    0.3234E+03
    0.3204E+03
    0.3175E+03
    0.3147E+03
    0.3120E+03
    0.3094E+03
    0.3068E+03
    0.3044E+03
    0.3020E+03
    0.2997E+03
    0.2974E+03
    0.2953E+03
    0.2932E+03
    0.2911E+03
    0.2892E+03
    0.2873E+03
    0.2854E+03
    0.2836E+03
    0.2819E+03
    0.2802E+03
    0.2786E+03
    0.2770E+03
    0.2754E+03
    0.2739E+03
    0.2725E+03
    0.2710E+03
    0.2696E+03
    0.2682E+03
    0.2669E+03
    0.2655E+03
    0.2642E+03
    0.2629E+03
    0.2616E+03
    0.2604E+03
    0.2591E+03
    0.2579E+03
    0.2567E+03
    0.2555E+03
    0.2543E+03
    0.2531E+03
    0.2519E+03
    0.2507E+03
    0.2495E+03
    0.2483E+03
    0.2471E+03
    0.2459E+03
    0.2448E+03
    0.2436E+03
    0.2424E+03
    0.2412E+03
    0.2401E+03
    0.2389E+03
    0.2377E+03
    0.2365E+03
    0.2353E+03
    0.2342E+03
    0.2330E+03
    0.2318E+03
    0.2306E+03
    0.2295E+03
    0.2283E+03
    0.2271E+03
    0.2260E+03
    0.2248E+03
    0.2237E+03
    0.2226E+03
    0.2215E+03
    0.2204E+03
    0.2193E+03
    0.2182E+03
    0.2171E+03
    0.1625E+04
    0.1556E+04
    0.1494E+04
    0.1437E+04
    0.1384E+04
    0.1337E+04
    0.1293E+04
    0.1253E+04
    0.1216E+04
    0.1182E+04
    0.1151E+04
    0.1123E+04
    0.1097E+04
    0.1073E+04
    0.1051E+04
    0.1031E+04
    0.1012E+04
    0.9955E+03
    0.9800E+03
    0.9658E+03
    0.9528E+03
    0.9410E+03
    0.9301E+03
    0.9202E+03
    0.9112E+03
    0.9029E+03
    0.8953E+03
    0.8884E+03
    0.8820E+03
    0.8762E+03
    0.8708E+03
    0.8658E+03
    0.8612E+03
    0.8568E+03
    0.8527E+03
    0.8488E+03
    0.8450E+03
    0.8413E+03
    0.8377E+03
    0.8340E+03
    0.8303E+03
    0.8265E+03
    0.8226E+03
    0.8186E+03
    0.8145E+03
    0.8103E+03
    0.8061E+03
    0.8017E+03
    0.7973E+03
    0.7927E+03
    0.7882E+03
    0.7835E+03
    0.7788E+03
    0.7739E+03
    0.7690E+03
    0.7641E+03
    0.7590E+03
    0.7539E+03
    0.7488E+03
    0.7436E+03
    0.7383E+03
    0.7330E+03
    0.7277E+03
    0.7222E+03
    0.7168E+03
    0.7113E+03
    0.7057E+03
    0.7002E+03
    0.6946E+03
    0.6889E+03
    0.6832E+03
    0.6775E+03
    0.6718E+03
    0.6661E+03
    0.6603E+03
    0.6545E+03
    0.6487E+03
    0.6429E+03
    0.6371E+03
    0.6312E+03
    0.6254E+03
    0.6195E+03
    0.6136E+03
    0.6077E+03
    0.6017E+03
    0.5958E+03
    0.5899E+03
    0.5839E+03
    0.5779E+03
    0.5719E+03
    0.5660E+03
    0.5600E+03
    0.5540E+03
    0.5480E+03
    0.5420E+03
    0.5360E+03
    0.5301E+03
    0.5241E+03
    0.5182E+03
    0.5123E+03
    0.5064E+03
    0.5006E+03
    0.4948E+03
    0.4890E+03
    0.4833E+03
    0.4777E+03
    0.4721E+03
    0.4666E+03
    0.4612E+03
    0.4558E+03
    0.4505E+03
    0.4453E+03
    0.4402E+03
    0.4352E+03
    0.4302E+03
    0.4254E+03
    0.4206E+03
    0.4160E+03
    0.4114E+03
    0.4070E+03
    0.4026E+03
    0.3984E+03
    0.3943E+03
    0.3903E+03
    0.3863E+03
    0.3825E+03
    0.3788E+03
    0.3752E+03
    0.3717E+03
    0.3683E+03
    0.3651E+03
    0.3619E+03
    0.3588E+03
    0.3558E+03
    0.3529E+03
    0.3501E+03
    0.3474E+03
    0.3448E+03
    0.3422E+03
    0.3397E+03
    0.3374E+03
    0.3351E+03
    0.3328E+03
    0.3307E+03
    0.3286E+03
    0.3265E+03
    0.3246E+03
    0.3227E+03
    0.3208E+03
    0.3190E+03
    0.3172E+03
    0.3155E+03
    0.3138E+03
    0.3122E+03
    0.3105E+03
    0.3090E+03
    0.3074E+03
    0.3059E+03
    0.3044E+03
    0.3029E+03
    0.3014E+03
    0.3000E+03
    0.2985E+03
    0.2971E+03
    0.2957E+03
    0.2943E+03
    0.2929E+03
    0.2915E+03
    0.2902E+03
    0.2888E+03
    0.2874E+03
    0.2861E+03
    0.2847E+03
    0.2833E+03
    0.2820E+03
    0.2806E+03
    0.2793E+03
    0.2779E+03
    0.2766E+03
    0.2752E+03
    0.2738E+03
    0.2725E+03
    0.2711E+03
    0.2697E+03
    0.2684E+03
    0.2670E+03
    0.2656E+03
    0.2643E+03
    0.2629E+03
    0.2616E+03
    0.2602E+03
    0.2589E+03
    0.2576E+03
    0.2563E+03
    0.2549E+03
    0.2536E+03
    0.2524E+03
    0.2511E+03
    0.2498E+03
    0.2486E+03
    0.2473E+03
    0.1865E+04
    0.1787E+04
    0.1715E+04
    0.1650E+04
    0.1590E+04
    0.1536E+04
    0.1485E+04
    0.1439E+04
    0.1397E+04
    0.1358E+04
    0.1323E+04
    0.1290E+04
    0.1260E+04
    0.1232E+04
    0.1207E+04
    0.1184E+04
    0.1163E+04
    0.1143E+04
    0.1125E+04
    0.1109E+04
    0.1094E+04
    0.1080E+04
    0.1067E+04
    0.1055E+04
    0.1045E+04
    0.1035E+04
    0.1026E+04
    0.1018E+04
    0.1010E+04
    0.1003E+04
    0.9968E+03
    0.9908E+03
    0.9852E+03
    0.9800E+03
    0.9750E+03
    0.9702E+03
    0.9656E+03
    0.9610E+03
    0.9566E+03
    0.9521E+03
    0.9475E+03
    0.9429E+03
    0.9381E+03
    0.9333E+03
    0.9283E+03
    0.9232E+03
    0.9180E+03
    0.9128E+03
    0.9074E+03
    0.9020E+03
    0.8964E+03
    0.8909E+03
    0.8852E+03
    0.8794E+03
    0.8735E+03
    0.8676E+03
    0.8616E+03
    0.8556E+03
    0.8495E+03
    0.8433E+03
    0.8371E+03
    0.8308E+03
    0.8245E+03
    0.8181E+03
    0.8117E+03
    0.8052E+03
    0.7987E+03
    0.7922E+03
    0.7857E+03
    0.7791E+03
    0.7724E+03
    0.7658E+03
    0.7591E+03
    0.7524E+03
    0.7457E+03
    0.7390E+03
    0.7322E+03
    0.7255E+03
    0.7187E+03
    0.7119E+03
    0.7051E+03
    0.6982E+03
    0.6914E+03
    0.6845E+03
    0.6777E+03
    0.6708E+03
    0.6639E+03
    0.6570E+03
    0.6501E+03
    0.6431E+03
    0.6362E+03
    0.6293E+03
    0.6224E+03
    0.6155E+03
    0.6086E+03
    0.6017E+03
    0.5949E+03
    0.5881E+03
    0.5814E+03
    0.5747E+03
    0.5680E+03
    0.5614E+03
    0.5548E+03
    0.5484E+03
    0.5419E+03
    0.5356E+03
    0.5294E+03
    0.5232E+03
    0.5172E+03
    0.5112E+03
    0.5053E+03
    0.4996E+03
    0.4939E+03
    0.4884E+03
    0.4830E+03
    0.4777E+03
    0.4725E+03
    0.4674E+03
    0.4625E+03
    0.4576E+03
    0.4529E+03
    0.4483E+03
    0.4439E+03
    0.4395E+03
    0.4353E+03
    0.4312E+03
    0.4272E+03
    0.4234E+03
    0.4196E+03
    0.4160E+03
    0.4125E+03
    0.4091E+03
    0.4058E+03
    0.4026E+03
    0.3996E+03
    0.3966E+03
    0.3937E+03
    0.3909E+03
    0.3882E+03
    0.3856E+03
    0.3830E+03
    0.3806E+03
    0.3782E+03
    0.3759E+03
    0.3736E+03
    0.3715E+03
    0.3693E+03
    0.3673E+03
    0.3653E+03
    0.3633E+03
    0.3614E+03
    0.3595E+03
    0.3576E+03
    0.3558E+03
    0.3540E+03
    0.3523E+03
    0.3506E+03
    0.3489E+03
    0.3472E+03
    0.3455E+03
    0.3439E+03
    0.3422E+03
    0.3406E+03
    0.3390E+03
    0.3374E+03
    0.3358E+03
    0.3342E+03
    0.3326E+03
    0.3311E+03
    0.3295E+03
    0.3279E+03
    0.3264E+03
    0.3248E+03
    0.3232E+03
    0.3217E+03
    0.3201E+03
    0.3185E+03
    0.3170E+03
    0.3154E+03
    0.3138E+03
    0.3122E+03
    0.3107E+03
    0.3091E+03
    0.3075E+03
    0.3059E+03
    0.3044E+03
    0.3028E+03
    0.3012E+03
    0.2996E+03
    0.2981E+03
    0.2965E+03
    0.2950E+03
    0.2935E+03
    0.2919E+03
    0.2904E+03
    0.2889E+03
    0.2874E+03
    0.2859E+03
    0.2845E+03
    0.2830E+03
    0.2816E+03
    0.2234E+04
    0.2133E+04
    0.2042E+04
    0.1958E+04
    0.1882E+04
    0.1813E+04
    0.1749E+04
    0.1691E+04
    0.1638E+04
    0.1589E+04
    0.1545E+04
    0.1504E+04
    0.1466E+04
    0.1432E+04
    0.1401E+04
    0.1372E+04
    0.1345E+04
    0.1321E+04
    0.1299E+04
    0.1278E+04
    0.1260E+04
    0.1243E+04
    0.1227E+04
    0.1213E+04
    0.1200E+04
    0.1188E+04
    0.1177E+04
    0.1166E+04
    0.1157E+04
    0.1149E+04
    0.1141E+04
    0.1133E+04
    0.1127E+04
    0.1120E+04
    0.1114E+04
    0.1108E+04
    0.1102E+04
    0.1097E+04
    0.1092E+04
    0.1086E+04
    0.1081E+04
    0.1075E+04
    0.1069E+04
    0.1063E+04
    0.1057E+04
    0.1051E+04
    0.1045E+04
    0.1038E+04
    0.1032E+04
    0.1025E+04
    0.1019E+04
    0.1012E+04
    0.1005E+04
    0.9985E+03
    0.9915E+03
    0.9845E+03
    0.9774E+03
    0.9702E+03
    0.9630E+03
    0.9558E+03
    0.9484E+03
    0.9410E+03
    0.9336E+03
    0.9261E+03
    0.9186E+03
    0.9110E+03
    0.9035E+03
    0.8958E+03
    0.8882E+03
    0.8805E+03
    0.8728E+03
    0.8650E+03
    0.8573E+03
    0.8495E+03
    0.8417E+03
    0.8339E+03
    0.8260E+03
    0.8182E+03
    0.8103E+03
    0.8024E+03
    0.7945E+03
    0.7865E+03
    0.7786E+03
    0.7706E+03
    0.7626E+03
    0.7547E+03
    0.7467E+03
    0.7387E+03
    0.7307E+03
    0.7227E+03
    0.7147E+03
    0.7068E+03
    0.6989E+03
    0.6910E+03
    0.6831E+03
    0.6752E+03
    0.6675E+03
    0.6597E+03
    0.6521E+03
    0.6445E+03
    0.6370E+03
    0.6295E+03
    0.6222E+03
    0.6149E+03
    0.6078E+03
    0.6007E+03
    0.5938E+03
    0.5869E+03
    0.5802E+03
    0.5736E+03
    0.5672E+03
    0.5609E+03
    0.5547E+03
    0.5486E+03
    0.5427E+03
    0.5369E+03
    0.5312E+03
    0.5257E+03
    0.5204E+03
    0.5151E+03
    0.5101E+03
    0.5051E+03
    0.5003E+03
    0.4957E+03
    0.4911E+03
    0.4867E+03
    0.4825E+03
    0.4784E+03
    0.4744E+03
    0.4705E+03
    0.4668E+03
    0.4632E+03
    0.4597E+03
    0.4563E+03
    0.4530E+03
    0.4498E+03
    0.4468E+03
    0.4438E+03
    0.4409E+03
    0.4381E+03
    0.4354E+03
    0.4328E+03
    0.4302E+03
    0.4277E+03
    0.4253E+03
    0.4229E+03
    0.4206E+03
    0.4184E+03
    0.4162E+03
    0.4140E+03
    0.4119E+03
    0.4099E+03
    0.4078E+03
    0.4058E+03
    0.4038E+03
    0.4019E+03
    0.4000E+03
    0.3980E+03
    0.3962E+03
    0.3943E+03
    0.3924E+03
    0.3906E+03
    0.3887E+03
    0.3869E+03
    0.3850E+03
    0.3832E+03
    0.3814E+03
    0.3796E+03
    0.3778E+03
    0.3760E+03
    0.3742E+03
    0.3723E+03
    0.3705E+03
    0.3687E+03
    0.3669E+03
    0.3651E+03
    0.3633E+03
    0.3615E+03
    0.3597E+03
    0.3579E+03
    0.3560E+03
    0.3542E+03
    0.3524E+03
    0.3506E+03
    0.3487E+03
    0.3469E+03
    0.3451E+03
    0.3433E+03
    0.3415E+03
    0.3397E+03
    0.3379E+03
    0.3361E+03
    0.3343E+03
    0.3326E+03
    0.3308E+03
    0.3291E+03
    0.3274E+03
    0.3257E+03
    0.3240E+03
    0.3223E+03
    0.3206E+03
    0.2553E+04
    0.2439E+04
    0.2336E+04
    0.2241E+04
    0.2155E+04
    0.2076E+04
    0.2004E+04
    0.1937E+04
    0.1877E+04
    0.1821E+04
    0.1770E+04
    0.1724E+04
    0.1681E+04
    0.1642E+04
    0.1605E+04
    0.1572E+04
    0.1542E+04
    0.1514E+04
    0.1488E+04
    0.1465E+04
    0.1443E+04
    0.1423E+04
    0.1405E+04
    0.1389E+04
    0.1373E+04
    0.1359E+04
    0.1346E+04
    0.1334E+04
    0.1323E+04
    0.1313E+04
    0.1304E+04
    0.1295E+04
    0.1287E+04
    0.1279E+04
    0.1272E+04
    0.1265E+04
    0.1258E+04
    0.1251E+04
    0.1244E+04
    0.1238E+04
    0.1231E+04
    0.1224E+04
    0.1217E+04
    0.1210E+04
    0.1203E+04
    0.1195E+04
    0.1188E+04
    0.1180E+04
    0.1173E+04
    0.1165E+04
    0.1157E+04
    0.1149E+04
    0.1141E+04
    0.1133E+04
    0.1125E+04
    0.1116E+04
    0.1108E+04
    0.1099E+04
    0.1091E+04
    0.1082E+04
    0.1074E+04
    0.1065E+04
    0.1056E+04
    0.1048E+04
    0.1039E+04
    0.1030E+04
    0.1021E+04
    0.1012E+04
    0.1003E+04
    0.9944E+03
    0.9854E+03
    0.9764E+03
    0.9674E+03
    0.9584E+03
    0.9493E+03
    0.9402E+03
    0.9311E+03
    0.9220E+03
    0.9128E+03
    0.9036E+03
    0.8944E+03
    0.8852E+03
    0.8760E+03
    0.8668E+03
    0.8576E+03
    0.8484E+03
    0.8391E+03
    0.8299E+03
    0.8207E+03
    0.8115E+03
    0.8024E+03
    0.7933E+03
    0.7842E+03
    0.7752E+03
    0.7663E+03
    0.7574E+03
    0.7486E+03
    0.7398E+03
    0.7312E+03
    0.7227E+03
    0.7142E+03
    0.7059E+03
    0.6977E+03
    0.6896E+03
    0.6817E+03
    0.6738E+03
    0.6662E+03
    0.6586E+03
    0.6513E+03
    0.6440E+03
    0.6369E+03
    0.6300E+03
    0.6233E+03
    0.6166E+03
    0.6102E+03
    0.6039E+03
    0.5978E+03
    0.5919E+03
    0.5861E+03
    0.5805E+03
    0.5750E+03
    0.5697E+03
    0.5646E+03
    0.5596E+03
    0.5547E+03
    0.5501E+03
    0.5455E+03
    0.5411E+03
    0.5369E+03
    0.5328E+03
    0.5288E+03
    0.5249E+03
    0.5212E+03
    0.5176E+03
    0.5141E+03
    0.5107E+03
    0.5075E+03
    0.5043E+03
    0.5012E+03
    0.4982E+03
    0.4953E+03
    0.4925E+03
    0.4897E+03
    0.4870E+03
    0.4844E+03
    0.4818E+03
    0.4793E+03
    0.4769E+03
    0.4744E+03
    0.4721E+03
    0.4697E+03
    0.4674E+03
    0.4652E+03
    0.4629E+03
    0.4607E+03
    0.4585E+03
    0.4563E+03
    0.4542E+03
    0.4520E+03
    0.4499E+03
    0.4478E+03
    0.4457E+03
    0.4435E+03
    0.4414E+03
    0.4393E+03
    0.4372E+03
    0.4351E+03
    0.4331E+03
    0.4310E+03
    0.4289E+03
    0.4268E+03
    0.4247E+03
    0.4226E+03
    0.4205E+03
    0.4184E+03
    0.4164E+03
    0.4143E+03
    0.4122E+03
    0.4101E+03
    0.4080E+03
    0.4059E+03
    0.4038E+03
    0.4017E+03
    0.3995E+03
    0.3974E+03
    0.3953E+03
    0.3932E+03
    0.3911E+03
    0.3890E+03
    0.3869E+03
    0.3849E+03
    0.3828E+03
    0.3808E+03
    0.3787E+03
    0.3767E+03
    0.3747E+03
    0.3727E+03
    0.3707E+03
    0.3688E+03
    0.3669E+03
    0.3650E+03
    0.3075E+04
    0.2927E+04
    0.2793E+04
    0.2671E+04
    0.2560E+04
    0.2458E+04
    0.2366E+04
    0.2282E+04
    0.2205E+04
    0.2134E+04
    0.2070E+04
    0.2011E+04
    0.1957E+04
    0.1908E+04
    0.1863E+04
    0.1821E+04
    0.1783E+04
    0.1748E+04
    0.1717E+04
    0.1687E+04
    0.1661E+04
    0.1636E+04
    0.1614E+04
    0.1593E+04
    0.1574E+04
    0.1557E+04
    0.1541E+04
    0.1527E+04
    0.1513E+04
    0.1501E+04
    0.1490E+04
    0.1479E+04
    0.1469E+04
    0.1459E+04
    0.1450E+04
    0.1442E+04
    0.1434E+04
    0.1426E+04
    0.1418E+04
    0.1409E+04
    0.1401E+04
    0.1393E+04
    0.1385E+04
    0.1376E+04
    0.1367E+04
    0.1359E+04
    0.1350E+04
    0.1341E+04
    0.1331E+04
    0.1322E+04
    0.1313E+04
    0.1303E+04
    0.1294E+04
    0.1284E+04
    0.1274E+04
    0.1265E+04
    0.1255E+04
    0.1245E+04
    0.1235E+04
    0.1225E+04
    0.1215E+04
    0.1205E+04
    0.1195E+04
    0.1184E+04
    0.1174E+04
    0.1164E+04
    0.1153E+04
    0.1143E+04
    0.1133E+04
    0.1122E+04
    0.1112E+04
    0.1101E+04
    0.1091E+04
    0.1080E+04
    0.1070E+04
    0.1059E+04
    0.1049E+04
    0.1038E+04
    0.1028E+04
    0.1017E+04
    0.1006E+04
    0.9956E+03
    0.9850E+03
    0.9743E+03
    0.9637E+03
    0.9530E+03
    0.9424E+03
    0.9318E+03
    0.9213E+03
    0.9108E+03
    0.9004E+03
    0.8900E+03
    0.8797E+03
    0.8695E+03
    0.8593E+03
    0.8493E+03
    0.8394E+03
    0.8296E+03
    0.8199E+03
    0.8104E+03
    0.8009E+03
    0.7917E+03
    0.7826E+03
    0.7736E+03
    0.7649E+03
    0.7562E+03
    0.7478E+03
    0.7395E+03
    0.7315E+03
    0.7236E+03
    0.7158E+03
    0.7083E+03
    0.7010E+03
    0.6938E+03
    0.6868E+03
    0.6801E+03
    0.6735E+03
    0.6671E+03
    0.6609E+03
    0.6548E+03
    0.6490E+03
    0.6433E+03
    0.6378E+03
    0.6325E+03
    0.6274E+03
    0.6224E+03
    0.6176E+03
    0.6129E+03
    0.6084E+03
    0.6040E+03
    0.5998E+03
    0.5957E+03
    0.5917E+03
    0.5879E+03
    0.5841E+03
    0.5805E+03
    0.5770E+03
    0.5736E+03
    0.5703E+03
    0.5670E+03
    0.5639E+03
    0.5608E+03
    0.5578E+03
    0.5549E+03
    0.5520E+03
    0.5492E+03
    0.5465E+03
    0.5437E+03
    0.5411E+03
    0.5384E+03
    0.5358E+03
    0.5333E+03
    0.5307E+03
    0.5282E+03
    0.5257E+03
    0.5232E+03
    0.5207E+03
    0.5183E+03
    0.5158E+03
    0.5134E+03
    0.5110E+03
    0.5085E+03
    0.5061E+03
    0.5037E+03
    0.5013E+03
    0.4988E+03
    0.4964E+03
    0.4940E+03
    0.4916E+03
    0.4892E+03
    0.4868E+03
    0.4844E+03
    0.4820E+03
    0.4795E+03
    0.4771E+03
    0.4747E+03
    0.4723E+03
    0.4699E+03
    0.4675E+03
    0.4650E+03
    0.4626E+03
    0.4602E+03
    0.4577E+03
    0.4553E+03
    0.4528E+03
    0.4504E+03
    0.4480E+03
    0.4455E+03
    0.4431E+03
    0.4407E+03
    0.4383E+03
    0.4359E+03
    0.4336E+03
    0.4312E+03
    0.4289E+03
    0.4265E+03
    0.4242E+03
    0.4220E+03
    0.4197E+03
    0.4175E+03
    0.4153E+03
    0.3419E+04
    0.3263E+04
    0.3120E+04
    0.2990E+04
    0.2872E+04
    0.2764E+04
    0.2665E+04
    0.2574E+04
    0.2491E+04
    0.2415E+04
    0.2345E+04
    0.2281E+04
    0.2222E+04
    0.2168E+04
    0.2118E+04
    0.2073E+04
    0.2031E+04
    0.1993E+04
    0.1957E+04
    0.1925E+04
    0.1895E+04
    0.1867E+04
    0.1842E+04
    0.1819E+04
    0.1798E+04
    0.1778E+04
    0.1760E+04
    0.1743E+04
    0.1727E+04
    0.1713E+04
    0.1700E+04
    0.1687E+04
    0.1675E+04
    0.1664E+04
    0.1653E+04
    0.1643E+04
    0.1633E+04
    0.1623E+04
    0.1613E+04
    0.1604E+04
    0.1594E+04
    0.1584E+04
    0.1574E+04
    0.1564E+04
    0.1553E+04
    0.1543E+04
    0.1532E+04
    0.1521E+04
    0.1510E+04
    0.1499E+04
    0.1488E+04
    0.1477E+04
    0.1466E+04
    0.1455E+04
    0.1443E+04
    0.1432E+04
    0.1420E+04
    0.1409E+04
    0.1397E+04
    0.1385E+04
    0.1373E+04
    0.1362E+04
    0.1350E+04
    0.1338E+04
    0.1326E+04
    0.1314E+04
    0.1302E+04
    0.1290E+04
    0.1278E+04
    0.1266E+04
    0.1254E+04
    0.1242E+04
    0.1229E+04
    0.1217E+04
    0.1205E+04
    0.1193E+04
    0.1180E+04
    0.1168E+04
    0.1156E+04
    0.1144E+04
    0.1131E+04
    0.1119E+04
    0.1107E+04
    0.1094E+04
    0.1082E+04
    0.1070E+04
    0.1058E+04
    0.1046E+04
    0.1034E+04
    0.1022E+04
    0.1010E+04
    0.9981E+03
    0.9865E+03
    0.9750E+03
    0.9636E+03
    0.9523E+03
    0.9412E+03
    0.9303E+03
    0.9195E+03
    0.9089E+03
    0.8985E+03
    0.8882E+03
    0.8782E+03
    0.8683E+03
    0.8587E+03
    0.8493E+03
    0.8400E+03
    0.8310E+03
    0.8222E+03
    0.8136E+03
    0.8053E+03
    0.7971E+03
    0.7892E+03
    0.7814E+03
    0.7739E+03
    0.7667E+03
    0.7596E+03
    0.7527E+03
    0.7461E+03
    0.7397E+03
    0.7334E+03
    0.7274E+03
    0.7215E+03
    0.7159E+03
    0.7104E+03
    0.7051E+03
    0.6999E+03
    0.6950E+03
    0.6902E+03
    0.6855E+03
    0.6810E+03
    0.6766E+03
    0.6724E+03
    0.6683E+03
    0.6643E+03
    0.6604E+03
    0.6566E+03
    0.6529E+03
    0.6494E+03
    0.6459E+03
    0.6424E+03
    0.6391E+03
    0.6358E+03
    0.6326E+03
    0.6294E+03
    0.6263E+03
    0.6232E+03
    0.6202E+03
    0.6172E+03
    0.6143E+03
    0.6113E+03
    0.6084E+03
    0.6056E+03
    0.6027E+03
    0.5999E+03
    0.5970E+03
    0.5942E+03
    0.5914E+03
    0.5886E+03
    0.5858E+03
    0.5830E+03
    0.5802E+03
    0.5774E+03
    0.5746E+03
    0.5718E+03
    0.5690E+03
    0.5662E+03
    0.5634E+03
    0.5607E+03
    0.5579E+03
    0.5551E+03
    0.5523E+03
    0.5495E+03
    0.5467E+03
    0.5439E+03
    0.5412E+03
    0.5384E+03
    0.5356E+03
    0.5328E+03
    0.5300E+03
    0.5272E+03
    0.5243E+03
    0.5215E+03
    0.5187E+03
    0.5159E+03
    0.5130E+03
    0.5102E+03
    0.5074E+03
    0.5046E+03
    0.5018E+03
    0.4991E+03
    0.4963E+03
    0.4936E+03
    0.4908E+03
    0.4881E+03
    0.4855E+03
    0.4828E+03
    0.4802E+03
    0.4776E+03
    0.4750E+03
    0.4725E+03
    0.3958E+04
    0.3774E+04
    0.3607E+04
    0.3454E+04
    0.3315E+04
    0.3188E+04
    0.3072E+04
    0.2966E+04
    0.2868E+04
    0.2779E+04
    0.2697E+04
    0.2622E+04
    0.2553E+04
    0.2490E+04
    0.2432E+04
    0.2378E+04
    0.2329E+04
    0.2284E+04
    0.2242E+04
    0.2204E+04
    0.2169E+04
    0.2137E+04
    0.2107E+04
    0.2080E+04
    0.2054E+04
    0.2031E+04
    0.2010E+04
    0.1990E+04
    0.1971E+04
    0.1954E+04
    0.1938E+04
    0.1923E+04
    0.1909E+04
    0.1895E+04
    0.1883E+04
    0.1870E+04
    0.1858E+04
    0.1846E+04
    0.1835E+04
    0.1823E+04
    0.1812E+04
    0.1800E+04
    0.1788E+04
    0.1775E+04
    0.1763E+04
    0.1751E+04
    0.1738E+04
    0.1725E+04
    0.1712E+04
    0.1699E+04
    0.1686E+04
    0.1673E+04
    0.1660E+04
    0.1647E+04
    0.1633E+04
    0.1620E+04
    0.1606E+04
    0.1593E+04
    0.1579E+04
    0.1566E+04
    0.1552E+04
    0.1538E+04
    0.1524E+04
    0.1510E+04
    0.1497E+04
    0.1483E+04
    0.1469E+04
    0.1455E+04
    0.1441E+04
    0.1427E+04
    0.1412E+04
    0.1398E+04
    0.1384E+04
    0.1370E+04
    0.1356E+04
    0.1342E+04
    0.1328E+04
    0.1313E+04
    0.1299E+04
    0.1285E+04
    0.1271E+04
    0.1257E+04
    0.1243E+04
    0.1228E+04
    0.1214E+04
    0.1201E+04
    0.1187E+04
    0.1173E+04
    0.1159E+04
    0.1146E+04
    0.1132E+04
    0.1119E+04
    0.1106E+04
    0.1093E+04
    0.1081E+04
    0.1068E+04
    0.1056E+04
    0.1044E+04
    0.1032E+04
    0.1020E+04
    0.1008E+04
    0.9971E+03
    0.9861E+03
    0.9753E+03
    0.9648E+03
    0.9545E+03
    0.9444E+03
    0.9346E+03
    0.9251E+03
    0.9158E+03
    0.9068E+03
    0.8980E+03
    0.8895E+03
    0.8812E+03
    0.8731E+03
    0.8653E+03
    0.8578E+03
    0.8505E+03
    0.8434E+03
    0.8365E+03
    0.8298E+03
    0.8234E+03
    0.8172E+03
    0.8112E+03
    0.8053E+03
    0.7997E+03
    0.7942E+03
    0.7889E+03
    0.7838E+03
    0.7788E+03
    0.7740E+03
    0.7693E+03
    0.7648E+03
    0.7604E+03
    0.7561E+03
    0.7519E+03
    0.7478E+03
    0.7438E+03
    0.7399E+03
    0.7360E+03
    0.7323E+03
    0.7286E+03
    0.7250E+03
    0.7214E+03
    0.7179E+03
    0.7144E+03
    0.7110E+03
    0.7076E+03
    0.7042E+03
    0.7009E+03
    0.6976E+03
    0.6943E+03
    0.6910E+03
    0.6877E+03
    0.6845E+03
    0.6812E+03
    0.6780E+03
    0.6748E+03
    0.6716E+03
    0.6683E+03
    0.6651E+03
    0.6619E+03
    0.6587E+03
    0.6555E+03
    0.6522E+03
    0.6490E+03
    0.6458E+03
    0.6426E+03
    0.6394E+03
    0.6361E+03
    0.6329E+03
    0.6297E+03
    0.6265E+03
    0.6233E+03
    0.6200E+03
    0.6168E+03
    0.6136E+03
    0.6103E+03
    0.6071E+03
    0.6039E+03
    0.6006E+03
    0.5974E+03
    0.5941E+03
    0.5908E+03
    0.5876E+03
    0.5843E+03
    0.5811E+03
    0.5778E+03
    0.5746E+03
    0.5714E+03
    0.5681E+03
    0.5650E+03
    0.5618E+03
    0.5586E+03
    0.5555E+03
    0.5524E+03
    0.5494E+03
    0.5463E+03
    0.5433E+03
    0.5404E+03
    0.5374E+03
    0.4362E+04
    0.4172E+04
    0.3999E+04
    0.3840E+04
    0.3695E+04
    0.3562E+04
    0.3439E+04
    0.3327E+04
    0.3224E+04
    0.3129E+04
    0.3042E+04
    0.2961E+04
    0.2887E+04
    0.2819E+04
    0.2756E+04
    0.2698E+04
    0.2645E+04
    0.2595E+04
    0.2550E+04
    0.2508E+04
    0.2469E+04
    0.2433E+04
    0.2400E+04
    0.2369E+04
    0.2341E+04
    0.2314E+04
    0.2290E+04
    0.2267E+04
    0.2246E+04
    0.2226E+04
    0.2207E+04
    0.2190E+04
    0.2173E+04
    0.2157E+04
    0.2142E+04
    0.2127E+04
    0.2113E+04
    0.2099E+04
    0.2085E+04
    0.2071E+04
    0.2057E+04
    0.2043E+04
    0.2029E+04
    0.2014E+04
    0.2000E+04
    0.1985E+04
    0.1970E+04
    0.1955E+04
    0.1940E+04
    0.1924E+04
    0.1909E+04
    0.1894E+04
    0.1878E+04
    0.1863E+04
    0.1847E+04
    0.1831E+04
    0.1816E+04
    0.1800E+04
    0.1784E+04
    0.1768E+04
    0.1752E+04
    0.1736E+04
    0.1720E+04
    0.1704E+04
    0.1688E+04
    0.1672E+04
    0.1655E+04
    0.1639E+04
    0.1623E+04
    0.1607E+04
    0.1590E+04
    0.1574E+04
    0.1558E+04
    0.1541E+04
    0.1525E+04
    0.1508E+04
    0.1492E+04
    0.1476E+04
    0.1459E+04
    0.1443E+04
    0.1427E+04
    0.1410E+04
    0.1394E+04
    0.1378E+04
    0.1362E+04
    0.1347E+04
    0.1331E+04
    0.1315E+04
    0.1300E+04
    0.1285E+04
    0.1270E+04
    0.1255E+04
    0.1240E+04
    0.1226E+04
    0.1212E+04
    0.1198E+04
    0.1184E+04
    0.1171E+04
    0.1158E+04
    0.1145E+04
    0.1132E+04
    0.1120E+04
    0.1108E+04
    0.1096E+04
    0.1085E+04
    0.1074E+04
    0.1063E+04
    0.1052E+04
    0.1042E+04
    0.1032E+04
    0.1022E+04
    0.1013E+04
    0.1004E+04
    0.9948E+03
    0.9862E+03
    0.9779E+03
    0.9698E+03
    0.9620E+03
    0.9545E+03
    0.9471E+03
    0.9401E+03
    0.9332E+03
    0.9266E+03
    0.9202E+03
    0.9140E+03
    0.9080E+03
    0.9021E+03
    0.8965E+03
    0.8910E+03
    0.8857E+03
    0.8805E+03
    0.8755E+03
    0.8706E+03
    0.8658E+03
    0.8611E+03
    0.8566E+03
    0.8521E+03
    0.8477E+03
    0.8434E+03
    0.8392E+03
    0.8351E+03
    0.8310E+03
    0.8269E+03
    0.8229E+03
    0.8190E+03
    0.8151E+03
    0.8112E+03
    0.8074E+03
    0.8036E+03
    0.7998E+03
    0.7960E+03
    0.7922E+03
    0.7885E+03
    0.7847E+03
    0.7810E+03
    0.7773E+03
    0.7735E+03
    0.7698E+03
    0.7661E+03
    0.7624E+03
    0.7587E+03
    0.7550E+03
    0.7512E+03
    0.7475E+03
    0.7438E+03
    0.7401E+03
    0.7364E+03
    0.7326E+03
    0.7289E+03
    0.7252E+03
    0.7215E+03
    0.7178E+03
    0.7140E+03
    0.7103E+03
    0.7066E+03
    0.7028E+03
    0.6991E+03
    0.6954E+03
    0.6916E+03
    0.6879E+03
    0.6841E+03
    0.6804E+03
    0.6766E+03
    0.6728E+03
    0.6691E+03
    0.6653E+03
    0.6615E+03
    0.6578E+03
    0.6541E+03
    0.6504E+03
    0.6467E+03
    0.6430E+03
    0.6393E+03
    0.6357E+03
    0.6321E+03
    0.6286E+03
    0.6250E+03
    0.6215E+03
    0.6181E+03
    0.6146E+03
    0.6113E+03
    0.5026E+04
    0.4805E+04
    0.4603E+04
    0.4418E+04
    0.4248E+04
    0.4093E+04
    0.3951E+04
    0.3820E+04
    0.3700E+04
    0.3589E+04
    0.3487E+04
    0.3394E+04
    0.3307E+04
    0.3228E+04
    0.3155E+04
    0.3087E+04
    0.3025E+04
    0.2967E+04
    0.2914E+04
    0.2865E+04
    0.2819E+04
    0.2778E+04
    0.2739E+04
    0.2703E+04
    0.2669E+04
    0.2639E+04
    0.2610E+04
    0.2583E+04
    0.2558E+04
    0.2534E+04
    0.2512E+04
    0.2492E+04
    0.2472E+04
    0.2453E+04
    0.2435E+04
    0.2417E+04
    0.2400E+04
    0.2384E+04
    0.2367E+04
    0.2351E+04
    0.2334E+04
    0.2317E+04
    0.2300E+04
    0.2283E+04
    0.2266E+04
    0.2249E+04
    0.2231E+04
    0.2213E+04
    0.2196E+04
    0.2178E+04
    0.2160E+04
    0.2142E+04
    0.2124E+04
    0.2106E+04
    0.2087E+04
    0.2069E+04
    0.2051E+04
    0.2032E+04
    0.2014E+04
    0.1995E+04
    0.1977E+04
    0.1958E+04
    0.1940E+04
    0.1921E+04
    0.1902E+04
    0.1883E+04
    0.1865E+04
    0.1846E+04
    0.1827E+04
    0.1808E+04
    0.1789E+04
    0.1770E+04
    0.1751E+04
    0.1732E+04
    0.1713E+04
    0.1694E+04
    0.1676E+04
    0.1657E+04
    0.1638E+04
    0.1619E+04
    0.1601E+04
    0.1582E+04
    0.1564E+04
    0.1546E+04
    0.1528E+04
    0.1510E+04
    0.1492E+04
    0.1475E+04
    0.1458E+04
    0.1441E+04
    0.1424E+04
    0.1407E+04
    0.1391E+04
    0.1375E+04
    0.1360E+04
    0.1344E+04
    0.1329E+04
    0.1315E+04
    0.1300E+04
    0.1286E+04
    0.1273E+04
    0.1259E+04
    0.1246E+04
    0.1233E+04
    0.1221E+04
    0.1209E+04
    0.1197E+04
    0.1186E+04
    0.1175E+04
    0.1164E+04
    0.1154E+04
    0.1144E+04
    0.1134E+04
    0.1124E+04
    0.1115E+04
    0.1106E+04
    0.1098E+04
    0.1089E+04
    0.1081E+04
    0.1074E+04
    0.1066E+04
    0.1059E+04
    0.1052E+04
    0.1045E+04
    0.1038E+04
    0.1032E+04
    0.1026E+04
    0.1020E+04
    0.1014E+04
    0.1008E+04
    0.1002E+04
    0.9969E+03
    0.9916E+03
    0.9864E+03
    0.9813E+03
    0.9763E+03
    0.9714E+03
    0.9666E+03
    0.9618E+03
    0.9571E+03
    0.9525E+03
    0.9479E+03
    0.9434E+03
    0.9389E+03
    0.9344E+03
    0.9300E+03
    0.9256E+03
    0.9212E+03
    0.9169E+03
    0.9125E+03
    0.9082E+03
    0.9039E+03
    0.8996E+03
    0.8953E+03
    0.8910E+03
    0.8867E+03
    0.8824E+03
    0.8781E+03
    0.8738E+03
    0.8695E+03
    0.8652E+03
    0.8610E+03
    0.8567E+03
    0.8524E+03
    0.8481E+03
    0.8438E+03
    0.8395E+03
    0.8352E+03
    0.8309E+03
    0.8266E+03
    0.8223E+03
    0.8179E+03
    0.8136E+03
    0.8093E+03
    0.8050E+03
    0.8007E+03
    0.7964E+03
    0.7921E+03
    0.7877E+03
    0.7834E+03
    0.7791E+03
    0.7747E+03
    0.7704E+03
    0.7660E+03
    0.7617E+03
    0.7574E+03
    0.7530E+03
    0.7487E+03
    0.7444E+03
    0.7402E+03
    0.7359E+03
    0.7317E+03
    0.7275E+03
    0.7233E+03
    0.7192E+03
    0.7151E+03
    0.7110E+03
    0.7070E+03
    0.7030E+03
    0.6990E+03
    0.6951E+03
    0.5660E+04
    0.5417E+04
    0.5195E+04
    0.4991E+04
    0.4805E+04
    0.4633E+04
    0.4475E+04
    0.4330E+04
    0.4197E+04
    0.4074E+04
    0.3961E+04
    0.3856E+04
    0.3760E+04
    0.3671E+04
    0.3589E+04
    0.3513E+04
    0.3442E+04
    0.3377E+04
    0.3317E+04
    0.3262E+04
    0.3210E+04
    0.3162E+04
    0.3118E+04
    0.3077E+04
    0.3039E+04
    0.3003E+04
    0.2970E+04
    0.2939E+04
    0.2910E+04
    0.2883E+04
    0.2857E+04
    0.2832E+04
    0.2809E+04
    0.2787E+04
    0.2766E+04
    0.2745E+04
    0.2725E+04
    0.2705E+04
    0.2685E+04
    0.2666E+04
    0.2646E+04
    0.2627E+04
    0.2607E+04
    0.2586E+04
    0.2566E+04
    0.2546E+04
    0.2525E+04
    0.2504E+04
    0.2484E+04
    0.2463E+04
    0.2442E+04
    0.2421E+04
    0.2400E+04
    0.2379E+04
    0.2357E+04
    0.2336E+04
    0.2315E+04
    0.2293E+04
    0.2272E+04
    0.2250E+04
    0.2229E+04
    0.2207E+04
    0.2186E+04
    0.2164E+04
    0.2142E+04
    0.2120E+04
    0.2099E+04
    0.2077E+04
    0.2055E+04
    0.2033E+04
    0.2011E+04
    0.1989E+04
    0.1967E+04
    0.1946E+04
    0.1924E+04
    0.1902E+04
    0.1881E+04
    0.1859E+04
    0.1838E+04
    0.1816E+04
    0.1795E+04
    0.1774E+04
    0.1754E+04
    0.1733E+04
    0.1713E+04
    0.1693E+04
    0.1673E+04
    0.1654E+04
    0.1635E+04
    0.1616E+04
    0.1597E+04
    0.1579E+04
    0.1561E+04
    0.1544E+04
    0.1527E+04
    0.1510E+04
    0.1493E+04
    0.1477E+04
    0.1462E+04
    0.1446E+04
    0.1431E+04
    0.1417E+04
    0.1403E+04
    0.1389E+04
    0.1376E+04
    0.1363E+04
    0.1350E+04
    0.1338E+04
    0.1326E+04
    0.1315E+04
    0.1304E+04
    0.1293E+04
    0.1283E+04
    0.1272E+04
    0.1263E+04
    0.1253E+04
    0.1244E+04
    0.1235E+04
    0.1227E+04
    0.1219E+04
    0.1210E+04
    0.1203E+04
    0.1195E+04
    0.1188E+04
    0.1181E+04
    0.1174E+04
    0.1167E+04
    0.1161E+04
    0.1154E+04
    0.1148E+04
    0.1142E+04
    0.1136E+04
    0.1130E+04
    0.1124E+04
    0.1119E+04
    0.1113E+04
    0.1108E+04
    0.1102E+04
    0.1097E+04
    0.1092E+04
    0.1087E+04
    0.1081E+04
    0.1076E+04
    0.1071E+04
    0.1066E+04
    0.1061E+04
    0.1056E+04
    0.1051E+04
    0.1046E+04
    0.1041E+04
    0.1036E+04
    0.1031E+04
    0.1026E+04
    0.1021E+04
    0.1016E+04
    0.1011E+04
    0.1006E+04
    0.1001E+04
    0.9965E+03
    0.9916E+03
    0.9866E+03
    0.9816E+03
    0.9767E+03
    0.9717E+03
    0.9668E+03
    0.9618E+03
    0.9568E+03
    0.9519E+03
    0.9469E+03
    0.9419E+03
    0.9369E+03
    0.9319E+03
    0.9269E+03
    0.9220E+03
    0.9170E+03
    0.9120E+03
    0.9070E+03
    0.9020E+03
    0.8970E+03
    0.8920E+03
    0.8870E+03
    0.8820E+03
    0.8770E+03
    0.8720E+03
    0.8670E+03
    0.8620E+03
    0.8571E+03
    0.8521E+03
    0.8472E+03
    0.8423E+03
    0.8374E+03
    0.8326E+03
    0.8278E+03
    0.8230E+03
    0.8183E+03
    0.8136E+03
    0.8089E+03
    0.8043E+03
    0.7997E+03
    0.7952E+03
    0.7907E+03
    0.6437E+04
    0.6163E+04
    0.5912E+04
    0.5682E+04
    0.5471E+04
    0.5276E+04
    0.5098E+04
    0.4933E+04
    0.4782E+04
    0.4642E+04
    0.4513E+04
    0.4394E+04
    0.4284E+04
    0.4183E+04
    0.4089E+04
    0.4002E+04
    0.3922E+04
    0.3848E+04
    0.3779E+04
    0.3715E+04
    0.3656E+04
    0.3601E+04
    0.3550E+04
    0.3502E+04
    0.3458E+04
    0.3417E+04
    0.3378E+04
    0.3342E+04
    0.3308E+04
    0.3276E+04
    0.3246E+04
    0.3217E+04
    0.3190E+04
    0.3164E+04
    0.3139E+04
    0.3114E+04
    0.3091E+04
    0.3067E+04
    0.3044E+04
    0.3021E+04
    0.2998E+04
    0.2975E+04
    0.2951E+04
    0.2928E+04
    0.2904E+04
    0.2880E+04
    0.2856E+04
    0.2832E+04
    0.2808E+04
    0.2783E+04
    0.2759E+04
    0.2734E+04
    0.2710E+04
    0.2685E+04
    0.2660E+04
    0.2636E+04
    0.2611E+04
    0.2586E+04
    0.2561E+04
    0.2536E+04
    0.2511E+04
    0.2486E+04
    0.2461E+04
    0.2436E+04
    0.2411E+04
    0.2385E+04
    0.2360E+04
    0.2335E+04
    0.2310E+04
    0.2284E+04
    0.2259E+04
    0.2234E+04
    0.2209E+04
    0.2184E+04
    0.2159E+04
    0.2134E+04
    0.2110E+04
    0.2085E+04
    0.2061E+04
    0.2037E+04
    0.2013E+04
    0.1990E+04
    0.1966E+04
    0.1943E+04
    0.1921E+04
    0.1898E+04
    0.1876E+04
    0.1855E+04
    0.1834E+04
    0.1813E+04
    0.1792E+04
    0.1772E+04
    0.1753E+04
    0.1734E+04
    0.1715E+04
    0.1697E+04
    0.1679E+04
    0.1661E+04
    0.1644E+04
    0.1628E+04
    0.1612E+04
    0.1596E+04
    0.1581E+04
    0.1566E+04
    0.1552E+04
    0.1538E+04
    0.1525E+04
    0.1512E+04
    0.1499E+04
    0.1487E+04
    0.1475E+04
    0.1464E+04
    0.1452E+04
    0.1442E+04
    0.1431E+04
    0.1421E+04
    0.1412E+04
    0.1402E+04
    0.1393E+04
    0.1384E+04
    0.1376E+04
    0.1367E+04
    0.1359E+04
    0.1351E+04
    0.1344E+04
    0.1336E+04
    0.1329E+04
    0.1322E+04
    0.1315E+04
    0.1308E+04
    0.1301E+04
    0.1295E+04
    0.1289E+04
    0.1282E+04
    0.1276E+04
    0.1270E+04
    0.1264E+04
    0.1258E+04
    0.1252E+04
    0.1246E+04
    0.1240E+04
    0.1234E+04
    0.1228E+04
    0.1222E+04
    0.1216E+04
    0.1211E+04
    0.1205E+04
    0.1199E+04
    0.1193E+04
    0.1188E+04
    0.1182E+04
    0.1176E+04
    0.1171E+04
    0.1165E+04
    0.1159E+04
    0.1153E+04
    0.1148E+04
    0.1142E+04
    0.1136E+04
    0.1130E+04
    0.1125E+04
    0.1119E+04
    0.1113E+04
    0.1108E+04
    0.1102E+04
    0.1096E+04
    0.1090E+04
    0.1085E+04
    0.1079E+04
    0.1073E+04
    0.1067E+04
    0.1062E+04
    0.1056E+04
    0.1050E+04
    0.1044E+04
    0.1038E+04
    0.1033E+04
    0.1027E+04
    0.1021E+04
    0.1015E+04
    0.1010E+04
    0.1004E+04
    0.9981E+03
    0.9924E+03
    0.9867E+03
    0.9810E+03
    0.9754E+03
    0.9697E+03
    0.9641E+03
    0.9585E+03
    0.9530E+03
    0.9475E+03
    0.9420E+03
    0.9365E+03
    0.9311E+03
    0.9258E+03
    0.9204E+03
    0.9152E+03
    0.9099E+03
    0.9047E+03
    0.8996E+03
    0.7113E+04
    0.6827E+04
    0.6564E+04
    0.6323E+04
    0.6100E+04
    0.5895E+04
    0.5706E+04
    0.5531E+04
    0.5369E+04
    0.5220E+04
    0.5082E+04
    0.4954E+04
    0.4835E+04
    0.4726E+04
    0.4624E+04
    0.4529E+04
    0.4441E+04
    0.4360E+04
    0.4284E+04
    0.4213E+04
    0.4148E+04
    0.4087E+04
    0.4030E+04
    0.3976E+04
    0.3927E+04
    0.3880E+04
    0.3836E+04
    0.3795E+04
    0.3756E+04
    0.3719E+04
    0.3685E+04
    0.3651E+04
    0.3620E+04
    0.3589E+04
    0.3560E+04
    0.3531E+04
    0.3503E+04
    0.3476E+04
    0.3448E+04
    0.3421E+04
    0.3394E+04
    0.3367E+04
    0.3339E+04
    0.3312E+04
    0.3284E+04
    0.3256E+04
    0.3228E+04
    0.3200E+04
    0.3171E+04
    0.3143E+04
    0.3115E+04
    0.3086E+04
    0.3058E+04
    0.3029E+04
    0.3000E+04
    0.2972E+04
    0.2943E+04
    0.2914E+04
    0.2885E+04
    0.2856E+04
    0.2827E+04
    0.2798E+04
    0.2769E+04
    0.2740E+04
    0.2710E+04
    0.2681E+04
    0.2652E+04
    0.2623E+04
    0.2594E+04
    0.2565E+04
    0.2536E+04
    0.2507E+04
    0.2479E+04
    0.2450E+04
    0.2422E+04
    0.2394E+04
    0.2366E+04
    0.2338E+04
    0.2311E+04
    0.2284E+04
    0.2257E+04
    0.2231E+04
    0.2205E+04
    0.2179E+04
    0.2154E+04
    0.2129E+04
    0.2105E+04
    0.2081E+04
    0.2058E+04
    0.2035E+04
    0.2013E+04
    0.1991E+04
    0.1969E+04
    0.1949E+04
    0.1928E+04
    0.1908E+04
    0.1889E+04
    0.1870E+04
    0.1852E+04
    0.1834E+04
    0.1817E+04
    0.1800E+04
    0.1784E+04
    0.1768E+04
    0.1753E+04
    0.1738E+04
    0.1724E+04
    0.1710E+04
    0.1696E+04
    0.1683E+04
    0.1671E+04
    0.1659E+04
    0.1647E+04
    0.1635E+04
    0.1624E+04
    0.1614E+04
    0.1603E+04
    0.1593E+04
    0.1584E+04
    0.1574E+04
    0.1565E+04
    0.1556E+04
    0.1547E+04
    0.1539E+04
    0.1530E+04
    0.1522E+04
    0.1514E+04
    0.1507E+04
    0.1499E+04
    0.1491E+04
    0.1484E+04
    0.1477E+04
    0.1470E+04
    0.1462E+04
    0.1455E+04
    0.1449E+04
    0.1442E+04
    0.1435E+04
    0.1428E+04
    0.1421E+04
    0.1415E+04
    0.1408E+04
    0.1401E+04
    0.1395E+04
    0.1388E+04
    0.1381E+04
    0.1375E+04
    0.1368E+04
    0.1361E+04
    0.1355E+04
    0.1348E+04
    0.1342E+04
    0.1335E+04
    0.1328E+04
    0.1322E+04
    0.1315E+04
    0.1309E+04
    0.1302E+04
    0.1295E+04
    0.1289E+04
    0.1282E+04
    0.1275E+04
    0.1269E+04
    0.1262E+04
    0.1256E+04
    0.1249E+04
    0.1242E+04
    0.1236E+04
    0.1229E+04
    0.1222E+04
    0.1216E+04
    0.1209E+04
    0.1202E+04
    0.1196E+04
    0.1189E+04
    0.1182E+04
    0.1176E+04
    0.1169E+04
    0.1162E+04
    0.1156E+04
    0.1149E+04
    0.1142E+04
    0.1136E+04
    0.1129E+04
    0.1123E+04
    0.1116E+04
    0.1110E+04
    0.1104E+04
    0.1097E+04
    0.1091E+04
    0.1085E+04
    0.1078E+04
    0.1072E+04
    0.1066E+04
    0.1060E+04
    0.1054E+04
    0.1048E+04
    0.1042E+04
    0.1036E+04
    0.1030E+04
    0.1024E+04
    0.8125E+04
    0.7797E+04
    0.7496E+04
    0.7219E+04
    0.6963E+04
    0.6728E+04
    0.6511E+04
    0.6310E+04
    0.6124E+04
    0.5953E+04
    0.5794E+04
    0.5647E+04
    0.5510E+04
    0.5384E+04
    0.5267E+04
    0.5158E+04
    0.5056E+04
    0.4962E+04
    0.4875E+04
    0.4794E+04
    0.4718E+04
    0.4647E+04
    0.4581E+04
    0.4519E+04
    0.4461E+04
    0.4407E+04
    0.4356E+04
    0.4308E+04
    0.4263E+04
    0.4220E+04
    0.4180E+04
    0.4141E+04
    0.4104E+04
    0.4068E+04
    0.4034E+04
    0.4000E+04
    0.3967E+04
    0.3935E+04
    0.3903E+04
    0.3871E+04
    0.3840E+04
    0.3808E+04
    0.3776E+04
    0.3743E+04
    0.3711E+04
    0.3678E+04
    0.3646E+04
    0.3613E+04
    0.3580E+04
    0.3547E+04
    0.3514E+04
    0.3481E+04
    0.3448E+04
    0.3415E+04
    0.3381E+04
    0.3348E+04
    0.3314E+04
    0.3281E+04
    0.3247E+04
    0.3214E+04
    0.3180E+04
    0.3146E+04
    0.3113E+04
    0.3079E+04
    0.3045E+04
    0.3012E+04
    0.2978E+04
    0.2945E+04
    0.2912E+04
    0.2878E+04
    0.2845E+04
    0.2812E+04
    0.2780E+04
    0.2748E+04
    0.2716E+04
    0.2684E+04
    0.2652E+04
    0.2621E+04
    0.2591E+04
    0.2561E+04
    0.2531E+04
    0.2502E+04
    0.2473E+04
    0.2445E+04
    0.2417E+04
    0.2390E+04
    0.2363E+04
    0.2337E+04
    0.2311E+04
    0.2286E+04
    0.2262E+04
    0.2238E+04
    0.2215E+04
    0.2192E+04
    0.2170E+04
    0.2149E+04
    0.2128E+04
    0.2108E+04
    0.2088E+04
    0.2069E+04
    0.2050E+04
    0.2032E+04
    0.2015E+04
    0.1998E+04
    0.1982E+04
    0.1966E+04
    0.1951E+04
    0.1936E+04
    0.1922E+04
    0.1908E+04
    0.1895E+04
    0.1882E+04
    0.1869E+04
    0.1857E+04
    0.1845E+04
    0.1834E+04
    0.1823E+04
    0.1812E+04
    0.1801E+04
    0.1791E+04
    0.1781E+04
    0.1772E+04
    0.1762E+04
    0.1753E+04
    0.1744E+04
    0.1735E+04
    0.1726E+04
    0.1718E+04
    0.1709E+04
    0.1701E+04
    0.1693E+04
    0.1684E+04
    0.1676E+04
    0.1668E+04
    0.1660E+04
    0.1653E+04
    0.1645E+04
    0.1637E+04
    0.1629E+04
    0.1622E+04
    0.1614E+04
    0.1606E+04
    0.1599E+04
    0.1591E+04
    0.1583E+04
    0.1576E+04
    0.1568E+04
    0.1560E+04
    0.1553E+04
    0.1545E+04
    0.1537E+04
    0.1530E+04
    0.1522E+04
    0.1515E+04
    0.1507E+04
    0.1499E+04
    0.1492E+04
    0.1484E+04
    0.1476E+04
    0.1469E+04
    0.1461E+04
    0.1453E+04
    0.1446E+04
    0.1438E+04
    0.1430E+04
    0.1423E+04
    0.1415E+04
    0.1407E+04
    0.1400E+04
    0.1392E+04
    0.1384E+04
    0.1376E+04
    0.1369E+04
    0.1361E+04
    0.1353E+04
    0.1346E+04
    0.1338E+04
    0.1330E+04
    0.1323E+04
    0.1315E+04
    0.1307E+04
    0.1300E+04
    0.1292E+04
    0.1285E+04
    0.1278E+04
    0.1270E+04
    0.1263E+04
    0.1256E+04
    0.1249E+04
    0.1242E+04
    0.1235E+04
    0.1228E+04
    0.1221E+04
    0.1214E+04
    0.1207E+04
    0.1200E+04
    0.1193E+04
    0.1186E+04
    0.1179E+04
    0.1173E+04
    0.1166E+04
    0.9135E+04
    0.8776E+04
    0.8444E+04
    0.8139E+04
    0.7858E+04
    0.7598E+04
    0.7357E+04
    0.7135E+04
    0.6929E+04
    0.6738E+04
    0.6561E+04
    0.6397E+04
    0.6245E+04
    0.6104E+04
    0.5972E+04
    0.5850E+04
    0.5736E+04
    0.5630E+04
    0.5532E+04
    0.5440E+04
    0.5354E+04
    0.5273E+04
    0.5198E+04
    0.5128E+04
    0.5062E+04
    0.5000E+04
    0.4941E+04
    0.4886E+04
    0.4834E+04
    0.4785E+04
    0.4738E+04
    0.4693E+04
    0.4649E+04
    0.4608E+04
    0.4567E+04
    0.4528E+04
    0.4490E+04
    0.4452E+04
    0.4415E+04
    0.4378E+04
    0.4341E+04
    0.4303E+04
    0.4266E+04
    0.4229E+04
    0.4191E+04
    0.4153E+04
    0.4115E+04
    0.4077E+04
    0.4038E+04
    0.4000E+04
    0.3962E+04
    0.3924E+04
    0.3885E+04
    0.3846E+04
    0.3808E+04
    0.3769E+04
    0.3730E+04
    0.3691E+04
    0.3652E+04
    0.3613E+04
    0.3575E+04
    0.3536E+04
    0.3497E+04
    0.3458E+04
    0.3419E+04
    0.3381E+04
    0.3342E+04
    0.3304E+04
    0.3266E+04
    0.3228E+04
    0.3191E+04
    0.3154E+04
    0.3117E+04
    0.3081E+04
    0.3045E+04
    0.3009E+04
    0.2974E+04
    0.2939E+04
    0.2905E+04
    0.2872E+04
    0.2839E+04
    0.2806E+04
    0.2775E+04
    0.2743E+04
    0.2713E+04
    0.2683E+04
    0.2654E+04
    0.2625E+04
    0.2598E+04
    0.2570E+04
    0.2544E+04
    0.2518E+04
    0.2493E+04
    0.2469E+04
    0.2445E+04
    0.2422E+04
    0.2400E+04
    0.2378E+04
    0.2357E+04
    0.2336E+04
    0.2317E+04
    0.2298E+04
    0.2279E+04
    0.2261E+04
    0.2244E+04
    0.2227E+04
    0.2211E+04
    0.2195E+04
    0.2180E+04
    0.2165E+04
    0.2151E+04
    0.2137E+04
    0.2124E+04
    0.2111E+04
    0.2098E+04
    0.2086E+04
    0.2074E+04
    0.2062E+04
    0.2051E+04
    0.2040E+04
    0.2029E+04
    0.2018E+04
    0.2008E+04
    0.1998E+04
    0.1988E+04
    0.1978E+04
    0.1968E+04
    0.1959E+04
    0.1949E+04
    0.1940E+04
    0.1931E+04
    0.1922E+04
    0.1912E+04
    0.1903E+04
    0.1894E+04
    0.1885E+04
    0.1876E+04
    0.1868E+04
    0.1859E+04
    0.1850E+04
    0.1841E+04
    0.1832E+04
    0.1823E+04
    0.1815E+04
    0.1806E+04
    0.1797E+04
    0.1788E+04
    0.1779E+04
    0.1770E+04
    0.1762E+04
    0.1753E+04
    0.1744E+04
    0.1735E+04
    0.1726E+04
    0.1718E+04
    0.1709E+04
    0.1700E+04
    0.1691E+04
    0.1682E+04
    0.1673E+04
    0.1664E+04
    0.1656E+04
    0.1647E+04
    0.1638E+04
    0.1629E+04
    0.1620E+04
    0.1611E+04
    0.1602E+04
    0.1593E+04
    0.1585E+04
    0.1576E+04
    0.1567E+04
    0.1558E+04
    0.1549E+04
    0.1540E+04
    0.1531E+04
    0.1522E+04
    0.1514E+04
    0.1505E+04
    0.1496E+04
    0.1488E+04
    0.1479E+04
    0.1471E+04
    0.1462E+04
    0.1454E+04
    0.1446E+04
    0.1438E+04
    0.1430E+04
    0.1422E+04
    0.1414E+04
    0.1406E+04
    0.1398E+04
    0.1390E+04
    0.1382E+04
    0.1375E+04
    0.1367E+04
    0.1359E+04
    0.1352E+04
    0.1344E+04
    0.1336E+04
    0.1329E+04
    0.1036E+05
    0.9951E+04
    0.9578E+04
    0.9234E+04
    0.8917E+04
    0.8623E+04
    0.8352E+04
    0.8100E+04
    0.7867E+04
    0.7651E+04
    0.7451E+04
    0.7265E+04
    0.7092E+04
    0.6932E+04
    0.6782E+04
    0.6643E+04
    0.6514E+04
    0.6393E+04
    0.6280E+04
    0.6175E+04
    0.6076E+04
    0.5984E+04
    0.5898E+04
    0.5817E+04
    0.5741E+04
    0.5670E+04
    0.5602E+04
    0.5539E+04
    0.5478E+04
    0.5421E+04
    0.5366E+04
    0.5314E+04
    0.5264E+04
    0.5215E+04
    0.5168E+04
    0.5123E+04
    0.5078E+04
    0.5034E+04
    0.4990E+04
    0.4947E+04
    0.4904E+04
    0.4860E+04
    0.4817E+04
    0.4773E+04
    0.4729E+04
    0.4685E+04
    0.4641E+04
    0.4597E+04
    0.4552E+04
    0.4508E+04
    0.4463E+04
    0.4419E+04
    0.4374E+04
    0.4329E+04
    0.4284E+04
    0.4239E+04
    0.4195E+04
    0.4150E+04
    0.4105E+04
    0.4060E+04
    0.4015E+04
    0.3970E+04
    0.3926E+04
    0.3881E+04
    0.3837E+04
    0.3793E+04
    0.3749E+04
    0.3706E+04
    0.3663E+04
    0.3620E+04
    0.3578E+04
    0.3536E+04
    0.3495E+04
    0.3454E+04
    0.3414E+04
    0.3374E+04
    0.3335E+04
    0.3296E+04
    0.3259E+04
    0.3222E+04
    0.3185E+04
    0.3150E+04
    0.3115E+04
    0.3081E+04
    0.3047E+04
    0.3015E+04
    0.2983E+04
    0.2952E+04
    0.2922E+04
    0.2893E+04
    0.2864E+04
    0.2836E+04
    0.2809E+04
    0.2783E+04
    0.2758E+04
    0.2733E+04
    0.2709E+04
    0.2686E+04
    0.2664E+04
    0.2642E+04
    0.2621E+04
    0.2600E+04
    0.2581E+04
    0.2562E+04
    0.2543E+04
    0.2525E+04
    0.2508E+04
    0.2491E+04
    0.2475E+04
    0.2459E+04
    0.2444E+04
    0.2429E+04
    0.2415E+04
    0.2401E+04
    0.2387E+04
    0.2374E+04
    0.2361E+04
    0.2349E+04
    0.2336E+04
    0.2324E+04
    0.2312E+04
    0.2301E+04
    0.2289E+04
    0.2278E+04
    0.2267E+04
    0.2256E+04
    0.2245E+04
    0.2234E+04
    0.2224E+04
    0.2213E+04
    0.2203E+04
    0.2192E+04
    0.2182E+04
    0.2171E+04
    0.2161E+04
    0.2151E+04
    0.2141E+04
    0.2130E+04
    0.2120E+04
    0.2110E+04
    0.2100E+04
    0.2090E+04
    0.2080E+04
    0.2069E+04
    0.2059E+04
    0.2049E+04
    0.2039E+04
    0.2029E+04
    0.2018E+04
    0.2008E+04
    0.1998E+04
    0.1988E+04
    0.1978E+04
    0.1967E+04
    0.1957E+04
    0.1947E+04
    0.1937E+04
    0.1927E+04
    0.1916E+04
    0.1906E+04
    0.1896E+04
    0.1886E+04
    0.1875E+04
    0.1865E+04
    0.1855E+04
    0.1845E+04
    0.1834E+04
    0.1824E+04
    0.1814E+04
    0.1804E+04
    0.1793E+04
    0.1783E+04
    0.1773E+04
    0.1762E+04
    0.1752E+04
    0.1742E+04
    0.1732E+04
    0.1722E+04
    0.1712E+04
    0.1702E+04
    0.1693E+04
    0.1683E+04
    0.1674E+04
    0.1664E+04
    0.1655E+04
    0.1646E+04
    0.1637E+04
    0.1628E+04
    0.1619E+04
    0.1610E+04
    0.1601E+04
    0.1593E+04
    0.1584E+04
    0.1575E+04
    0.1567E+04
    0.1558E+04
    0.1549E+04
    0.1541E+04
    0.1532E+04
    0.1524E+04
    0.1515E+04
    0.1193E+05
    0.1145E+05
    0.1101E+05
    0.1061E+05
    0.1023E+05
    0.9887E+04
    0.9568E+04
    0.9272E+04
    0.8999E+04
    0.8746E+04
    0.8511E+04
    0.8293E+04
    0.8091E+04
    0.7903E+04
    0.7728E+04
    0.7565E+04
    0.7414E+04
    0.7273E+04
    0.7141E+04
    0.7018E+04
    0.6903E+04
    0.6796E+04
    0.6695E+04
    0.6601E+04
    0.6512E+04
    0.6429E+04
    0.6350E+04
    0.6276E+04
    0.6206E+04
    0.6139E+04
    0.6075E+04
    0.6014E+04
    0.5955E+04
    0.5899E+04
    0.5844E+04
    0.5791E+04
    0.5739E+04
    0.5687E+04
    0.5637E+04
    0.5586E+04
    0.5536E+04
    0.5486E+04
    0.5435E+04
    0.5384E+04
    0.5333E+04
    0.5282E+04
    0.5231E+04
    0.5179E+04
    0.5128E+04
    0.5076E+04
    0.5024E+04
    0.4973E+04
    0.4921E+04
    0.4869E+04
    0.4817E+04
    0.4765E+04
    0.4713E+04
    0.4661E+04
    0.4610E+04
    0.4558E+04
    0.4507E+04
    0.4456E+04
    0.4405E+04
    0.4354E+04
    0.4304E+04
    0.4254E+04
    0.4204E+04
    0.4155E+04
    0.4106E+04
    0.4058E+04
    0.4011E+04
    0.3964E+04
    0.3918E+04
    0.3873E+04
    0.3828E+04
    0.3784E+04
    0.3741E+04
    0.3698E+04
    0.3657E+04
    0.3616E+04
    0.3576E+04
    0.3537E+04
    0.3499E+04
    0.3462E+04
    0.3426E+04
    0.3391E+04
    0.3356E+04
    0.3323E+04
    0.3290E+04
    0.3259E+04
    0.3228E+04
    0.3198E+04
    0.3169E+04
    0.3141E+04
    0.3114E+04
    0.3088E+04
    0.3062E+04
    0.3038E+04
    0.3014E+04
    0.2991E+04
    0.2968E+04
    0.2947E+04
    0.2926E+04
    0.2905E+04
    0.2886E+04
    0.2867E+04
    0.2848E+04
    0.2830E+04
    0.2813E+04
    0.2796E+04
    0.2780E+04
    0.2764E+04
    0.2748E+04
    0.2733E+04
    0.2719E+04
    0.2704E+04
    0.2690E+04
    0.2676E+04
    0.2663E+04
    0.2649E+04
    0.2636E+04
    0.2623E+04
    0.2610E+04
    0.2598E+04
    0.2585E+04
    0.2573E+04
    0.2561E+04
    0.2549E+04
    0.2537E+04
    0.2525E+04
    0.2513E+04
    0.2501E+04
    0.2489E+04
    0.2477E+04
    0.2465E+04
    0.2453E+04
    0.2442E+04
    0.2430E+04
    0.2418E+04
    0.2406E+04
    0.2395E+04
    0.2383E+04
    0.2371E+04
    0.2359E+04
    0.2348E+04
    0.2336E+04
    0.2324E+04
    0.2312E+04
    0.2301E+04
    0.2289E+04
    0.2277E+04
    0.2265E+04
    0.2253E+04
    0.2242E+04
    0.2230E+04
    0.2218E+04
    0.2206E+04
    0.2194E+04
    0.2183E+04
    0.2171E+04
    0.2159E+04
    0.2147E+04
    0.2135E+04
    0.2123E+04
    0.2111E+04
    0.2100E+04
    0.2088E+04
    0.2076E+04
    0.2064E+04
    0.2052E+04
    0.2040E+04
    0.2029E+04
    0.2017E+04
    0.2005E+04
    0.1993E+04
    0.1982E+04
    0.1970E+04
    0.1959E+04
    0.1948E+04
    0.1937E+04
    0.1926E+04
    0.1915E+04
    0.1905E+04
    0.1894E+04
    0.1884E+04
    0.1874E+04
    0.1864E+04
    0.1854E+04
    0.1844E+04
    0.1835E+04
    0.1825E+04
    0.1815E+04
    0.1806E+04
    0.1796E+04
    0.1787E+04
    0.1777E+04
    0.1767E+04
    0.1758E+04
    0.1748E+04
    0.1739E+04
    0.1729E+04
    0.1380E+05
    0.1323E+05
    0.1271E+05
    0.1222E+05
    0.1178E+05
    0.1137E+05
    0.1099E+05
    0.1064E+05
    0.1031E+05
    0.1001E+05
    0.9737E+04
    0.9479E+04
    0.9240E+04
    0.9018E+04
    0.8812E+04
    0.8620E+04
    0.8442E+04
    0.8276E+04
    0.8121E+04
    0.7977E+04
    0.7842E+04
    0.7716E+04
    0.7598E+04
    0.7488E+04
    0.7384E+04
    0.7286E+04
    0.7194E+04
    0.7108E+04
    0.7025E+04
    0.6947E+04
    0.6873E+04
    0.6802E+04
    0.6734E+04
    0.6668E+04
    0.6604E+04
    0.6542E+04
    0.6481E+04
    0.6422E+04
    0.6363E+04
    0.6304E+04
    0.6246E+04
    0.6187E+04
    0.6128E+04
    0.6069E+04
    0.6010E+04
    0.5950E+04
    0.5891E+04
    0.5831E+04
    0.5771E+04
    0.5711E+04
    0.5652E+04
    0.5592E+04
    0.5532E+04
    0.5472E+04
    0.5412E+04
    0.5352E+04
    0.5292E+04
    0.5233E+04
    0.5174E+04
    0.5115E+04
    0.5056E+04
    0.4998E+04
    0.4940E+04
    0.4882E+04
    0.4825E+04
    0.4769E+04
    0.4713E+04
    0.4658E+04
    0.4604E+04
    0.4550E+04
    0.4497E+04
    0.4445E+04
    0.4394E+04
    0.4344E+04
    0.4294E+04
    0.4246E+04
    0.4198E+04
    0.4152E+04
    0.4106E+04
    0.4062E+04
    0.4018E+04
    0.3976E+04
    0.3935E+04
    0.3895E+04
    0.3855E+04
    0.3817E+04
    0.3780E+04
    0.3744E+04
    0.3709E+04
    0.3675E+04
    0.3642E+04
    0.3611E+04
    0.3580E+04
    0.3550E+04
    0.3521E+04
    0.3493E+04
    0.3466E+04
    0.3439E+04
    0.3414E+04
    0.3389E+04
    0.3366E+04
    0.3343E+04
    0.3320E+04
    0.3299E+04
    0.3278E+04
    0.3257E+04
    0.3238E+04
    0.3218E+04
    0.3200E+04
    0.3182E+04
    0.3164E+04
    0.3147E+04
    0.3130E+04
    0.3113E+04
    0.3097E+04
    0.3081E+04
    0.3066E+04
    0.3051E+04
    0.3036E+04
    0.3021E+04
    0.3006E+04
    0.2992E+04
    0.2977E+04
    0.2963E+04
    0.2949E+04
    0.2935E+04
    0.2921E+04
    0.2907E+04
    0.2894E+04
    0.2880E+04
    0.2866E+04
    0.2853E+04
    0.2839E+04
    0.2825E+04
    0.2812E+04
    0.2798E+04
    0.2785E+04
    0.2771E+04
    0.2757E+04
    0.2744E+04
    0.2730E+04
    0.2717E+04
    0.2703E+04
    0.2690E+04
    0.2676E+04
    0.2662E+04
    0.2649E+04
    0.2635E+04
    0.2622E+04
    0.2608E+04
    0.2594E+04
    0.2581E+04
    0.2567E+04
    0.2553E+04
    0.2540E+04
    0.2526E+04
    0.2513E+04
    0.2499E+04
    0.2485E+04
    0.2471E+04
    0.2458E+04
    0.2444E+04
    0.2430E+04
    0.2417E+04
    0.2403E+04
    0.2389E+04
    0.2376E+04
    0.2362E+04
    0.2348E+04
    0.2335E+04
    0.2321E+04
    0.2308E+04
    0.2294E+04
    0.2281E+04
    0.2268E+04
    0.2255E+04
    0.2242E+04
    0.2229E+04
    0.2216E+04
    0.2204E+04
    0.2192E+04
    0.2180E+04
    0.2168E+04
    0.2157E+04
    0.2146E+04
    0.2134E+04
    0.2123E+04
    0.2113E+04
    0.2102E+04
    0.2091E+04
    0.2081E+04
    0.2070E+04
    0.2060E+04
    0.2049E+04
    0.2039E+04
    0.2028E+04
    0.2018E+04
    0.2007E+04
    0.1996E+04
    0.1986E+04
    0.1975E+04
    0.1595E+05
    0.1527E+05
    0.1464E+05
    0.1407E+05
    0.1354E+05
    0.1305E+05
    0.1261E+05
    0.1219E+05
    0.1181E+05
    0.1145E+05
    0.1113E+05
    0.1082E+05
    0.1054E+05
    0.1028E+05
    0.1004E+05
    0.9815E+04
    0.9605E+04
    0.9411E+04
    0.9229E+04
    0.9060E+04
    0.8902E+04
    0.8755E+04
    0.8617E+04
    0.8488E+04
    0.8367E+04
    0.8253E+04
    0.8146E+04
    0.8044E+04
    0.7948E+04
    0.7857E+04
    0.7771E+04
    0.7688E+04
    0.7608E+04
    0.7532E+04
    0.7457E+04
    0.7385E+04
    0.7314E+04
    0.7245E+04
    0.7177E+04
    0.7109E+04
    0.7041E+04
    0.6972E+04
    0.6904E+04
    0.6836E+04
    0.6767E+04
    0.6698E+04
    0.6629E+04
    0.6560E+04
    0.6490E+04
    0.6421E+04
    0.6352E+04
    0.6283E+04
    0.6214E+04
    0.6145E+04
    0.6076E+04
    0.6007E+04
    0.5939E+04
    0.5871E+04
    0.5803E+04
    0.5736E+04
    0.5670E+04
    0.5604E+04
    0.5538E+04
    0.5473E+04
    0.5409E+04
    0.5346E+04
    0.5284E+04
    0.5222E+04
    0.5162E+04
    0.5102E+04
    0.5043E+04
    0.4986E+04
    0.4929E+04
    0.4874E+04
    0.4820E+04
    0.4766E+04
    0.4715E+04
    0.4664E+04
    0.4614E+04
    0.4566E+04
    0.4519E+04
    0.4473E+04
    0.4429E+04
    0.4385E+04
    0.4343E+04
    0.4302E+04
    0.4262E+04
    0.4224E+04
    0.4186E+04
    0.4150E+04
    0.4115E+04
    0.4081E+04
    0.4048E+04
    0.4016E+04
    0.3985E+04
    0.3956E+04
    0.3927E+04
    0.3899E+04
    0.3872E+04
    0.3845E+04
    0.3820E+04
    0.3796E+04
    0.3772E+04
    0.3749E+04
    0.3726E+04
    0.3704E+04
    0.3683E+04
    0.3662E+04
    0.3642E+04
    0.3623E+04
    0.3603E+04
    0.3584E+04
    0.3566E+04
    0.3548E+04
    0.3530E+04
    0.3513E+04
    0.3495E+04
    0.3478E+04
    0.3462E+04
    0.3445E+04
    0.3429E+04
    0.3412E+04
    0.3396E+04
    0.3380E+04
    0.3364E+04
    0.3348E+04
    0.3332E+04
    0.3316E+04
    0.3301E+04
    0.3285E+04
    0.3269E+04
    0.3253E+04
    0.3238E+04
    0.3222E+04
    0.3206E+04
    0.3191E+04
    0.3175E+04
    0.3159E+04
    0.3144E+04
    0.3128E+04
    0.3112E+04
    0.3097E+04
    0.3081E+04
    0.3065E+04
    0.3049E+04
    0.3034E+04
    0.3018E+04
    0.3002E+04
    0.2987E+04
    0.2971E+04
    0.2955E+04
    0.2939E+04
    0.2924E+04
    0.2908E+04
    0.2892E+04
    0.2876E+04
    0.2860E+04
    0.2845E+04
    0.2829E+04
    0.2813E+04
    0.2797E+04
    0.2781E+04
    0.2766E+04
    0.2750E+04
    0.2734E+04
    0.2718E+04
    0.2703E+04
    0.2687E+04
    0.2671E+04
    0.2656E+04
    0.2641E+04
    0.2625E+04
    0.2610E+04
    0.2595E+04
    0.2580E+04
    0.2565E+04
    0.2551E+04
    0.2536E+04
    0.2522E+04
    0.2509E+04
    0.2495E+04
    0.2482E+04
    0.2469E+04
    0.2457E+04
    0.2444E+04
    0.2432E+04
    0.2420E+04
    0.2408E+04
    0.2397E+04
    0.2385E+04
    0.2373E+04
    0.2362E+04
    0.2351E+04
    0.2339E+04
    0.2328E+04
    0.2316E+04
    0.2305E+04
    0.2293E+04
    0.2281E+04
    0.2270E+04
    0.2258E+04
