  0.316228E+00
  0.365174E+00
  0.421697E+00
  0.486968E+00
  0.562341E+00
  0.649382E+00
  0.749894E+00
  0.865964E+00
  0.100000E+01
  0.115478E+01
  0.133352E+01
  0.153993E+01
  0.177828E+01
  0.205353E+01
  0.237137E+01
  0.273842E+01
  0.316228E+01
  0.365174E+01
  0.421697E+01
  0.486968E+01
  0.562341E+01
  0.649382E+01
  0.749894E+01
  0.865964E+01
  0.100000E+02
  0.115478E+02
  0.133352E+02
  0.153993E+02
  0.177828E+02
  0.205353E+02
  0.237137E+02
  0.273842E+02
  0.316228E+02
  0.365174E+02
  0.421697E+02
  0.486968E+02
  0.562341E+02
  0.649382E+02
  0.749894E+02
  0.865964E+02
  0.100000E+03
  0.115478E+03
  0.133352E+03
  0.153993E+03
  0.177828E+03
  0.205353E+03
  0.237137E+03
  0.273842E+03
  0.316228E+03
  0.365174E+00
  0.421697E+00
  0.486968E+00
  0.562341E+00
  0.649382E+00
  0.749894E+00
  0.865964E+00
  0.100000E+01
  0.115478E+01
  0.133352E+01
  0.153993E+01
  0.177828E+01
  0.205353E+01
  0.237137E+01
  0.273842E+01
  0.316228E+01
  0.365174E+01
  0.421697E+01
  0.486968E+01
  0.562341E+01
  0.649382E+01
  0.749894E+01
  0.865964E+01
  0.100000E+02
  0.115478E+02
  0.133352E+02
  0.153993E+02
  0.177828E+02
  0.205353E+02
  0.237137E+02
  0.273842E+02
  0.316228E+02
  0.365174E+02
  0.421697E+02
  0.486968E+02
  0.562341E+02
  0.649382E+02
  0.749894E+02
  0.865964E+02
  0.100000E+03
  0.115478E+03
  0.133352E+03
  0.153993E+03
  0.177828E+03
  0.205353E+03
  0.237137E+03
  0.273842E+03
  0.316228E+03
  0.365174E+03
  0.421697E+00
  0.486968E+00
  0.562341E+00
  0.649382E+00
  0.749894E+00
  0.865964E+00
  0.100000E+01
  0.115478E+01
  0.133352E+01
  0.153993E+01
  0.177828E+01
  0.205353E+01
  0.237137E+01
  0.273842E+01
  0.316228E+01
  0.365174E+01
  0.421697E+01
  0.486968E+01
  0.562341E+01
  0.649382E+01
  0.749894E+01
  0.865964E+01
  0.100000E+02
  0.115478E+02
  0.133352E+02
  0.153993E+02
  0.177828E+02
  0.205353E+02
  0.237137E+02
  0.273842E+02
  0.316228E+02
  0.365174E+02
  0.421697E+02
  0.486968E+02
  0.562341E+02
  0.649382E+02
  0.749894E+02
  0.865964E+02
  0.100000E+03
  0.115478E+03
  0.133352E+03
  0.153993E+03
  0.177828E+03
  0.205353E+03
  0.237137E+03
  0.273842E+03
  0.316228E+03
  0.365174E+03
  0.421697E+03
  0.486968E+00
  0.562341E+00
  0.649382E+00
  0.749894E+00
  0.865964E+00
  0.100000E+01
  0.115478E+01
  0.133352E+01
  0.153993E+01
  0.177828E+01
  0.205353E+01
  0.237137E+01
  0.273842E+01
  0.316228E+01
  0.365174E+01
  0.421697E+01
  0.486968E+01
  0.562341E+01
  0.649382E+01
  0.749894E+01
  0.865964E+01
  0.100000E+02
  0.115478E+02
  0.133352E+02
  0.153993E+02
  0.177828E+02
  0.205353E+02
  0.237137E+02
  0.273842E+02
  0.316228E+02
  0.365174E+02
  0.421697E+02
  0.486968E+02
  0.562341E+02
  0.649382E+02
  0.749894E+02
  0.865964E+02
  0.100000E+03
  0.115478E+03
  0.133352E+03
  0.153993E+03
  0.177828E+03
  0.205353E+03
  0.237137E+03
  0.273842E+03
  0.316228E+03
  0.365174E+03
  0.421697E+03
  0.486968E+03
  0.562341E+00
  0.649382E+00
  0.749894E+00
  0.865964E+00
  0.100000E+01
  0.115478E+01
  0.133352E+01
  0.153993E+01
  0.177828E+01
  0.205353E+01
  0.237137E+01
  0.273842E+01
  0.316228E+01
  0.365174E+01
  0.421697E+01
  0.486968E+01
  0.562341E+01
  0.649382E+01
  0.749894E+01
  0.865964E+01
  0.100000E+02
  0.115478E+02
  0.133352E+02
  0.153993E+02
  0.177828E+02
  0.205353E+02
  0.237137E+02
  0.273842E+02
  0.316228E+02
  0.365174E+02
  0.421697E+02
  0.486968E+02
  0.562341E+02
  0.649382E+02
  0.749894E+02
  0.865964E+02
  0.100000E+03
  0.115478E+03
  0.133352E+03
  0.153993E+03
  0.177828E+03
  0.205353E+03
  0.237137E+03
  0.273842E+03
  0.316228E+03
  0.365174E+03
  0.421697E+03
  0.486968E+03
  0.562341E+03
  0.649382E+00
  0.749894E+00
  0.865964E+00
  0.100000E+01
  0.115478E+01
  0.133352E+01
  0.153993E+01
  0.177828E+01
  0.205353E+01
  0.237137E+01
  0.273842E+01
  0.316228E+01
  0.365174E+01
  0.421697E+01
  0.486968E+01
  0.562341E+01
  0.649382E+01
  0.749894E+01
  0.865964E+01
  0.100000E+02
  0.115478E+02
  0.133352E+02
  0.153993E+02
  0.177828E+02
  0.205353E+02
  0.237137E+02
  0.273842E+02
  0.316228E+02
  0.365174E+02
  0.421697E+02
  0.486968E+02
  0.562341E+02
  0.649382E+02
  0.749894E+02
  0.865964E+02
  0.100000E+03
  0.115478E+03
  0.133352E+03
  0.153993E+03
  0.177828E+03
  0.205353E+03
  0.237137E+03
  0.273842E+03
  0.316228E+03
  0.365174E+03
  0.421697E+03
  0.486968E+03
  0.562341E+03
  0.649382E+03
  0.749894E+00
  0.865964E+00
  0.100000E+01
  0.115478E+01
  0.133352E+01
  0.153993E+01
  0.177828E+01
  0.205353E+01
  0.237137E+01
  0.273842E+01
  0.316228E+01
  0.365174E+01
  0.421697E+01
  0.486968E+01
  0.562341E+01
  0.649382E+01
  0.749894E+01
  0.865964E+01
  0.100000E+02
  0.115478E+02
  0.133352E+02
  0.153993E+02
  0.177828E+02
  0.205353E+02
  0.237137E+02
  0.273842E+02
  0.316228E+02
  0.365174E+02
  0.421697E+02
  0.486968E+02
  0.562341E+02
  0.649382E+02
  0.749894E+02
  0.865964E+02
  0.100000E+03
  0.115478E+03
  0.133352E+03
  0.153993E+03
  0.177828E+03
  0.205353E+03
  0.237137E+03
  0.273842E+03
  0.316228E+03
  0.365174E+03
  0.421697E+03
  0.486968E+03
  0.562341E+03
  0.649382E+03
  0.749894E+03
  0.865964E+00
  0.100000E+01
  0.115478E+01
  0.133352E+01
  0.153993E+01
  0.177828E+01
  0.205353E+01
  0.237137E+01
  0.273842E+01
  0.316228E+01
  0.365174E+01
  0.421697E+01
  0.486968E+01
  0.562341E+01
  0.649382E+01
  0.749894E+01
  0.865964E+01
  0.100000E+02
  0.115478E+02
  0.133352E+02
  0.153993E+02
  0.177828E+02
  0.205353E+02
  0.237137E+02
  0.273842E+02
  0.316228E+02
  0.365174E+02
  0.421697E+02
  0.486968E+02
  0.562341E+02
  0.649382E+02
  0.749894E+02
  0.865964E+02
  0.100000E+03
  0.115478E+03
  0.133352E+03
  0.153993E+03
  0.177828E+03
  0.205353E+03
  0.237137E+03
  0.273842E+03
  0.316228E+03
  0.365174E+03
  0.421697E+03
  0.486968E+03
  0.562341E+03
  0.649382E+03
  0.749894E+03
  0.865964E+03
  0.100000E+01
  0.115478E+01
  0.133352E+01
  0.153993E+01
  0.177828E+01
  0.205353E+01
  0.237137E+01
  0.273842E+01
  0.316228E+01
  0.365174E+01
  0.421697E+01
  0.486968E+01
  0.562341E+01
  0.649382E+01
  0.749894E+01
  0.865964E+01
  0.100000E+02
  0.115478E+02
  0.133352E+02
  0.153993E+02
  0.177828E+02
  0.205353E+02
  0.237137E+02
  0.273842E+02
  0.316228E+02
  0.365174E+02
  0.421697E+02
  0.486968E+02
  0.562341E+02
  0.649382E+02
  0.749894E+02
  0.865964E+02
  0.100000E+03
  0.115478E+03
  0.133352E+03
  0.153993E+03
  0.177828E+03
  0.205353E+03
  0.237137E+03
  0.273842E+03
  0.316228E+03
  0.365174E+03
  0.421697E+03
  0.486968E+03
  0.562341E+03
  0.649382E+03
  0.749894E+03
  0.865964E+03
  0.100000E+04
  0.115478E+01
  0.133352E+01
  0.153993E+01
  0.177828E+01
  0.205353E+01
  0.237137E+01
  0.273842E+01
  0.316228E+01
  0.365174E+01
  0.421697E+01
  0.486968E+01
  0.562341E+01
  0.649382E+01
  0.749894E+01
  0.865964E+01
  0.100000E+02
  0.115478E+02
  0.133352E+02
  0.153993E+02
  0.177828E+02
  0.205353E+02
  0.237137E+02
  0.273842E+02
  0.316228E+02
  0.365174E+02
  0.421697E+02
  0.486968E+02
  0.562341E+02
  0.649382E+02
  0.749894E+02
  0.865964E+02
  0.100000E+03
  0.115478E+03
  0.133352E+03
  0.153993E+03
  0.177828E+03
  0.205353E+03
  0.237137E+03
  0.273842E+03
  0.316228E+03
  0.365174E+03
  0.421697E+03
  0.486968E+03
  0.562341E+03
  0.649382E+03
  0.749894E+03
  0.865964E+03
  0.100000E+04
  0.115478E+04
  0.133352E+01
  0.153993E+01
  0.177828E+01
  0.205353E+01
  0.237137E+01
  0.273842E+01
  0.316228E+01
  0.365174E+01
  0.421697E+01
  0.486968E+01
  0.562341E+01
  0.649382E+01
  0.749894E+01
  0.865964E+01
  0.100000E+02
  0.115478E+02
  0.133352E+02
  0.153993E+02
  0.177828E+02
  0.205353E+02
  0.237137E+02
  0.273842E+02
  0.316228E+02
  0.365174E+02
  0.421697E+02
  0.486968E+02
  0.562341E+02
  0.649382E+02
  0.749894E+02
  0.865964E+02
  0.100000E+03
  0.115478E+03
  0.133352E+03
  0.153993E+03
  0.177828E+03
  0.205353E+03
  0.237137E+03
  0.273842E+03
  0.316228E+03
  0.365174E+03
  0.421697E+03
  0.486968E+03
  0.562341E+03
  0.649382E+03
  0.749894E+03
  0.865964E+03
  0.100000E+04
  0.115478E+04
  0.133352E+04
  0.153993E+01
  0.177828E+01
  0.205353E+01
  0.237137E+01
  0.273842E+01
  0.316228E+01
  0.365174E+01
  0.421697E+01
  0.486968E+01
  0.562341E+01
  0.649382E+01
  0.749894E+01
  0.865964E+01
  0.100000E+02
  0.115478E+02
  0.133352E+02
  0.153993E+02
  0.177828E+02
  0.205353E+02
  0.237137E+02
  0.273842E+02
  0.316228E+02
  0.365174E+02
  0.421697E+02
  0.486968E+02
  0.562341E+02
  0.649382E+02
  0.749894E+02
  0.865964E+02
  0.100000E+03
  0.115478E+03
  0.133352E+03
  0.153993E+03
  0.177828E+03
  0.205353E+03
  0.237137E+03
  0.273842E+03
  0.316228E+03
  0.365174E+03
  0.421697E+03
  0.486968E+03
  0.562341E+03
  0.649382E+03
  0.749894E+03
  0.865964E+03
  0.100000E+04
  0.115478E+04
  0.133352E+04
  0.153993E+04
  0.177828E+01
  0.205353E+01
  0.237137E+01
  0.273842E+01
  0.316228E+01
  0.365174E+01
  0.421697E+01
  0.486968E+01
  0.562341E+01
  0.649382E+01
  0.749894E+01
  0.865964E+01
  0.100000E+02
  0.115478E+02
  0.133352E+02
  0.153993E+02
  0.177828E+02
  0.205353E+02
  0.237137E+02
  0.273842E+02
  0.316228E+02
  0.365174E+02
  0.421697E+02
  0.486968E+02
  0.562341E+02
  0.649382E+02
  0.749894E+02
  0.865964E+02
  0.100000E+03
  0.115478E+03
  0.133352E+03
  0.153993E+03
  0.177828E+03
  0.205353E+03
  0.237137E+03
  0.273842E+03
  0.316228E+03
  0.365174E+03
  0.421697E+03
  0.486968E+03
  0.562341E+03
  0.649382E+03
  0.749894E+03
  0.865964E+03
  0.100000E+04
  0.115478E+04
  0.133352E+04
  0.153993E+04
  0.177828E+04
  0.205353E+01
  0.237137E+01
  0.273842E+01
  0.316228E+01
  0.365174E+01
  0.421697E+01
  0.486968E+01
  0.562341E+01
  0.649382E+01
  0.749894E+01
  0.865964E+01
  0.100000E+02
  0.115478E+02
  0.133352E+02
  0.153993E+02
  0.177828E+02
  0.205353E+02
  0.237137E+02
  0.273842E+02
  0.316228E+02
  0.365174E+02
  0.421697E+02
  0.486968E+02
  0.562341E+02
  0.649382E+02
  0.749894E+02
  0.865964E+02
  0.100000E+03
  0.115478E+03
  0.133352E+03
  0.153993E+03
  0.177828E+03
  0.205353E+03
  0.237137E+03
  0.273842E+03
  0.316228E+03
  0.365174E+03
  0.421697E+03
  0.486968E+03
  0.562341E+03
  0.649382E+03
  0.749894E+03
  0.865964E+03
  0.100000E+04
  0.115478E+04
  0.133352E+04
  0.153993E+04
  0.177828E+04
  0.205353E+04
  0.237137E+01
  0.273842E+01
  0.316228E+01
  0.365174E+01
  0.421697E+01
  0.486968E+01
  0.562341E+01
  0.649382E+01
  0.749894E+01
  0.865964E+01
  0.100000E+02
  0.115478E+02
  0.133352E+02
  0.153993E+02
  0.177828E+02
  0.205353E+02
  0.237137E+02
  0.273842E+02
  0.316228E+02
  0.365174E+02
  0.421697E+02
  0.486968E+02
  0.562341E+02
  0.649382E+02
  0.749894E+02
  0.865964E+02
  0.100000E+03
  0.115478E+03
  0.133352E+03
  0.153993E+03
  0.177828E+03
  0.205353E+03
  0.237137E+03
  0.273842E+03
  0.316228E+03
  0.365174E+03
  0.421697E+03
  0.486968E+03
  0.562341E+03
  0.649382E+03
  0.749894E+03
  0.865964E+03
  0.100000E+04
  0.115478E+04
  0.133352E+04
  0.153993E+04
  0.177828E+04
  0.205353E+04
  0.237137E+04
  0.273842E+01
  0.316228E+01
  0.365174E+01
  0.421697E+01
  0.486968E+01
  0.562341E+01
  0.649382E+01
  0.749894E+01
  0.865964E+01
  0.100000E+02
  0.115478E+02
  0.133352E+02
  0.153993E+02
  0.177828E+02
  0.205353E+02
  0.237137E+02
  0.273842E+02
  0.316228E+02
  0.365174E+02
  0.421697E+02
  0.486968E+02
  0.562341E+02
  0.649382E+02
  0.749894E+02
  0.865964E+02
  0.100000E+03
  0.115478E+03
  0.133352E+03
  0.153993E+03
  0.177828E+03
  0.205353E+03
  0.237137E+03
  0.273842E+03
  0.316228E+03
  0.365174E+03
  0.421697E+03
  0.486968E+03
  0.562341E+03
  0.649382E+03
  0.749894E+03
  0.865964E+03
  0.100000E+04
  0.115478E+04
  0.133352E+04
  0.153993E+04
  0.177828E+04
  0.205353E+04
  0.237137E+04
  0.273842E+04
  0.316228E+01
  0.365174E+01
  0.421697E+01
  0.486968E+01
  0.562341E+01
  0.649382E+01
  0.749894E+01
  0.865964E+01
  0.100000E+02
  0.115478E+02
  0.133352E+02
  0.153993E+02
  0.177828E+02
  0.205353E+02
  0.237137E+02
  0.273842E+02
  0.316228E+02
  0.365174E+02
  0.421697E+02
  0.486968E+02
  0.562341E+02
  0.649382E+02
  0.749894E+02
  0.865964E+02
  0.100000E+03
  0.115478E+03
  0.133352E+03
  0.153993E+03
  0.177828E+03
  0.205353E+03
  0.237137E+03
  0.273842E+03
  0.316228E+03
  0.365174E+03
  0.421697E+03
  0.486968E+03
  0.562341E+03
  0.649382E+03
  0.749894E+03
  0.865964E+03
  0.100000E+04
  0.115478E+04
  0.133352E+04
  0.153993E+04
  0.177828E+04
  0.205353E+04
  0.237137E+04
  0.273842E+04
  0.316228E+04
  0.365174E+01
  0.421697E+01
  0.486968E+01
  0.562341E+01
  0.649382E+01
  0.749894E+01
  0.865964E+01
  0.100000E+02
  0.115478E+02
  0.133352E+02
  0.153993E+02
  0.177828E+02
  0.205353E+02
  0.237137E+02
  0.273842E+02
  0.316228E+02
  0.365174E+02
  0.421697E+02
  0.486968E+02
  0.562341E+02
  0.649382E+02
  0.749894E+02
  0.865964E+02
  0.100000E+03
  0.115478E+03
  0.133352E+03
  0.153993E+03
  0.177828E+03
  0.205353E+03
  0.237137E+03
  0.273842E+03
  0.316228E+03
  0.365174E+03
  0.421697E+03
  0.486968E+03
  0.562341E+03
  0.649382E+03
  0.749894E+03
  0.865964E+03
  0.100000E+04
  0.115478E+04
  0.133352E+04
  0.153993E+04
  0.177828E+04
  0.205353E+04
  0.237137E+04
  0.273842E+04
  0.316228E+04
  0.365174E+04
  0.421697E+01
  0.486968E+01
  0.562341E+01
  0.649382E+01
  0.749894E+01
  0.865964E+01
  0.100000E+02
  0.115478E+02
  0.133352E+02
  0.153993E+02
  0.177828E+02
  0.205353E+02
  0.237137E+02
  0.273842E+02
  0.316228E+02
  0.365174E+02
  0.421697E+02
  0.486968E+02
  0.562341E+02
  0.649382E+02
  0.749894E+02
  0.865964E+02
  0.100000E+03
  0.115478E+03
  0.133352E+03
  0.153993E+03
  0.177828E+03
  0.205353E+03
  0.237137E+03
  0.273842E+03
  0.316228E+03
  0.365174E+03
  0.421697E+03
  0.486968E+03
  0.562341E+03
  0.649382E+03
  0.749894E+03
  0.865964E+03
  0.100000E+04
  0.115478E+04
  0.133352E+04
  0.153993E+04
  0.177828E+04
  0.205353E+04
  0.237137E+04
  0.273842E+04
  0.316228E+04
  0.365174E+04
  0.421697E+04
  0.486968E+01
  0.562341E+01
  0.649382E+01
  0.749894E+01
  0.865964E+01
  0.100000E+02
  0.115478E+02
  0.133352E+02
  0.153993E+02
  0.177828E+02
  0.205353E+02
  0.237137E+02
  0.273842E+02
  0.316228E+02
  0.365174E+02
  0.421697E+02
  0.486968E+02
  0.562341E+02
  0.649382E+02
  0.749894E+02
  0.865964E+02
  0.100000E+03
  0.115478E+03
  0.133352E+03
  0.153993E+03
  0.177828E+03
  0.205353E+03
  0.237137E+03
  0.273842E+03
  0.316228E+03
  0.365174E+03
  0.421697E+03
  0.486968E+03
  0.562341E+03
  0.649382E+03
  0.749894E+03
  0.865964E+03
  0.100000E+04
  0.115478E+04
  0.133352E+04
  0.153993E+04
  0.177828E+04
  0.205353E+04
  0.237137E+04
  0.273842E+04
  0.316228E+04
  0.365174E+04
  0.421697E+04
  0.486968E+04
  0.562341E+01
  0.649382E+01
  0.749894E+01
  0.865964E+01
  0.100000E+02
  0.115478E+02
  0.133352E+02
  0.153993E+02
  0.177828E+02
  0.205353E+02
  0.237137E+02
  0.273842E+02
  0.316228E+02
  0.365174E+02
  0.421697E+02
  0.486968E+02
  0.562341E+02
  0.649382E+02
  0.749894E+02
  0.865964E+02
  0.100000E+03
  0.115478E+03
  0.133352E+03
  0.153993E+03
  0.177828E+03
  0.205353E+03
  0.237137E+03
  0.273842E+03
  0.316228E+03
  0.365174E+03
  0.421697E+03
  0.486968E+03
  0.562341E+03
  0.649382E+03
  0.749894E+03
  0.865964E+03
  0.100000E+04
  0.115478E+04
  0.133352E+04
  0.153993E+04
  0.177828E+04
  0.205353E+04
  0.237137E+04
  0.273842E+04
  0.316228E+04
  0.365174E+04
  0.421697E+04
  0.486968E+04
  0.562341E+04
  0.649382E+01
  0.749894E+01
  0.865964E+01
  0.100000E+02
  0.115478E+02
  0.133352E+02
  0.153993E+02
  0.177828E+02
  0.205353E+02
  0.237137E+02
  0.273842E+02
  0.316228E+02
  0.365174E+02
  0.421697E+02
  0.486968E+02
  0.562341E+02
  0.649382E+02
  0.749894E+02
  0.865964E+02
  0.100000E+03
  0.115478E+03
  0.133352E+03
  0.153993E+03
  0.177828E+03
  0.205353E+03
  0.237137E+03
  0.273842E+03
  0.316228E+03
  0.365174E+03
  0.421697E+03
  0.486968E+03
  0.562341E+03
  0.649382E+03
  0.749894E+03
  0.865964E+03
  0.100000E+04
  0.115478E+04
  0.133352E+04
  0.153993E+04
  0.177828E+04
  0.205353E+04
  0.237137E+04
  0.273842E+04
  0.316228E+04
  0.365174E+04
  0.421697E+04
  0.486968E+04
  0.562341E+04
  0.649382E+04
  0.749894E+01
  0.865964E+01
  0.100000E+02
  0.115478E+02
  0.133352E+02
  0.153993E+02
  0.177828E+02
  0.205353E+02
  0.237137E+02
  0.273842E+02
  0.316228E+02
  0.365174E+02
  0.421697E+02
  0.486968E+02
  0.562341E+02
  0.649382E+02
  0.749894E+02
  0.865964E+02
  0.100000E+03
  0.115478E+03
  0.133352E+03
  0.153993E+03
  0.177828E+03
  0.205353E+03
  0.237137E+03
  0.273842E+03
  0.316228E+03
  0.365174E+03
  0.421697E+03
  0.486968E+03
  0.562341E+03
  0.649382E+03
  0.749894E+03
  0.865964E+03
  0.100000E+04
  0.115478E+04
  0.133352E+04
  0.153993E+04
  0.177828E+04
  0.205353E+04
  0.237137E+04
  0.273842E+04
  0.316228E+04
  0.365174E+04
  0.421697E+04
  0.486968E+04
  0.562341E+04
  0.649382E+04
  0.749894E+04
  0.865964E+01
  0.100000E+02
  0.115478E+02
  0.133352E+02
  0.153993E+02
  0.177828E+02
  0.205353E+02
  0.237137E+02
  0.273842E+02
  0.316228E+02
  0.365174E+02
  0.421697E+02
  0.486968E+02
  0.562341E+02
  0.649382E+02
  0.749894E+02
  0.865964E+02
  0.100000E+03
  0.115478E+03
  0.133352E+03
  0.153993E+03
  0.177828E+03
  0.205353E+03
  0.237137E+03
  0.273842E+03
  0.316228E+03
  0.365174E+03
  0.421697E+03
  0.486968E+03
  0.562341E+03
  0.649382E+03
  0.749894E+03
  0.865964E+03
  0.100000E+04
  0.115478E+04
  0.133352E+04
  0.153993E+04
  0.177828E+04
  0.205353E+04
  0.237137E+04
  0.273842E+04
  0.316228E+04
  0.365174E+04
  0.421697E+04
  0.486968E+04
  0.562341E+04
  0.649382E+04
  0.749894E+04
  0.865964E+04
  0.100000E+02
  0.115478E+02
  0.133352E+02
  0.153993E+02
  0.177828E+02
  0.205353E+02
  0.237137E+02
  0.273842E+02
  0.316228E+02
  0.365174E+02
  0.421697E+02
  0.486968E+02
  0.562341E+02
  0.649382E+02
  0.749894E+02
  0.865964E+02
  0.100000E+03
  0.115478E+03
  0.133352E+03
  0.153993E+03
  0.177828E+03
  0.205353E+03
  0.237137E+03
  0.273842E+03
  0.316228E+03
  0.365174E+03
  0.421697E+03
  0.486968E+03
  0.562341E+03
  0.649382E+03
  0.749894E+03
  0.865964E+03
  0.100000E+04
  0.115478E+04
  0.133352E+04
  0.153993E+04
  0.177828E+04
  0.205353E+04
  0.237137E+04
  0.273842E+04
  0.316228E+04
  0.365174E+04
  0.421697E+04
  0.486968E+04
  0.562341E+04
  0.649382E+04
  0.749894E+04
  0.865964E+04
  0.100000E+05
  0.115478E+02
  0.133352E+02
  0.153993E+02
  0.177828E+02
  0.205353E+02
  0.237137E+02
  0.273842E+02
  0.316228E+02
  0.365174E+02
  0.421697E+02
  0.486968E+02
  0.562341E+02
  0.649382E+02
  0.749894E+02
  0.865964E+02
  0.100000E+03
  0.115478E+03
  0.133352E+03
  0.153993E+03
  0.177828E+03
  0.205353E+03
  0.237137E+03
  0.273842E+03
  0.316228E+03
  0.365174E+03
  0.421697E+03
  0.486968E+03
  0.562341E+03
  0.649382E+03
  0.749894E+03
  0.865964E+03
  0.100000E+04
  0.115478E+04
  0.133352E+04
  0.153993E+04
  0.177828E+04
  0.205353E+04
  0.237137E+04
  0.273842E+04
  0.316228E+04
  0.365174E+04
  0.421697E+04
  0.486968E+04
  0.562341E+04
  0.649382E+04
  0.749894E+04
  0.865964E+04
  0.100000E+05
  0.115478E+05
  0.133352E+02
  0.153993E+02
  0.177828E+02
  0.205353E+02
  0.237137E+02
  0.273842E+02
  0.316228E+02
  0.365174E+02
  0.421697E+02
  0.486968E+02
  0.562341E+02
  0.649382E+02
  0.749894E+02
  0.865964E+02
  0.100000E+03
  0.115478E+03
  0.133352E+03
  0.153993E+03
  0.177828E+03
  0.205353E+03
  0.237137E+03
  0.273842E+03
  0.316228E+03
  0.365174E+03
  0.421697E+03
  0.486968E+03
  0.562341E+03
  0.649382E+03
  0.749894E+03
  0.865964E+03
  0.100000E+04
  0.115478E+04
  0.133352E+04
  0.153993E+04
  0.177828E+04
  0.205353E+04
  0.237137E+04
  0.273842E+04
  0.316228E+04
  0.365174E+04
  0.421697E+04
  0.486968E+04
  0.562341E+04
  0.649382E+04
  0.749894E+04
  0.865964E+04
  0.100000E+05
  0.115478E+05
  0.133352E+05
  0.153993E+02
  0.177828E+02
  0.205353E+02
  0.237137E+02
  0.273842E+02
  0.316228E+02
  0.365174E+02
  0.421697E+02
  0.486968E+02
  0.562341E+02
  0.649382E+02
  0.749894E+02
  0.865964E+02
  0.100000E+03
  0.115478E+03
  0.133352E+03
  0.153993E+03
  0.177828E+03
  0.205353E+03
  0.237137E+03
  0.273842E+03
  0.316228E+03
  0.365174E+03
  0.421697E+03
  0.486968E+03
  0.562341E+03
  0.649382E+03
  0.749894E+03
  0.865964E+03
  0.100000E+04
  0.115478E+04
  0.133352E+04
  0.153993E+04
  0.177828E+04
  0.205353E+04
  0.237137E+04
  0.273842E+04
  0.316228E+04
  0.365174E+04
  0.421697E+04
  0.486968E+04
  0.562341E+04
  0.649382E+04
  0.749894E+04
  0.865964E+04
  0.100000E+05
  0.115478E+05
  0.133352E+05
  0.153993E+05
  0.177828E+02
  0.205353E+02
  0.237137E+02
  0.273842E+02
  0.316228E+02
  0.365174E+02
  0.421697E+02
  0.486968E+02
  0.562341E+02
  0.649382E+02
  0.749894E+02
  0.865964E+02
  0.100000E+03
  0.115478E+03
  0.133352E+03
  0.153993E+03
  0.177828E+03
  0.205353E+03
  0.237137E+03
  0.273842E+03
  0.316228E+03
  0.365174E+03
  0.421697E+03
  0.486968E+03
  0.562341E+03
  0.649382E+03
  0.749894E+03
  0.865964E+03
  0.100000E+04
  0.115478E+04
  0.133352E+04
  0.153993E+04
  0.177828E+04
  0.205353E+04
  0.237137E+04
  0.273842E+04
  0.316228E+04
  0.365174E+04
  0.421697E+04
  0.486968E+04
  0.562341E+04
  0.649382E+04
  0.749894E+04
  0.865964E+04
  0.100000E+05
  0.115478E+05
  0.133352E+05
  0.153993E+05
  0.177828E+05
  0.205353E+02
  0.237137E+02
  0.273842E+02
  0.316228E+02
  0.365174E+02
  0.421697E+02
  0.486968E+02
  0.562341E+02
  0.649382E+02
  0.749894E+02
  0.865964E+02
  0.100000E+03
  0.115478E+03
  0.133352E+03
  0.153993E+03
  0.177828E+03
  0.205353E+03
  0.237137E+03
  0.273842E+03
  0.316228E+03
  0.365174E+03
  0.421697E+03
  0.486968E+03
  0.562341E+03
  0.649382E+03
  0.749894E+03
  0.865964E+03
  0.100000E+04
  0.115478E+04
  0.133352E+04
  0.153993E+04
  0.177828E+04
  0.205353E+04
  0.237137E+04
  0.273842E+04
  0.316228E+04
  0.365174E+04
  0.421697E+04
  0.486968E+04
  0.562341E+04
  0.649382E+04
  0.749894E+04
  0.865964E+04
  0.100000E+05
  0.115478E+05
  0.133352E+05
  0.153993E+05
  0.177828E+05
  0.205353E+05
  0.237137E+02
  0.273842E+02
  0.316228E+02
  0.365174E+02
  0.421697E+02
  0.486968E+02
  0.562341E+02
  0.649382E+02
  0.749894E+02
  0.865964E+02
  0.100000E+03
  0.115478E+03
  0.133352E+03
  0.153993E+03
  0.177828E+03
  0.205353E+03
  0.237137E+03
  0.273842E+03
  0.316228E+03
  0.365174E+03
  0.421697E+03
  0.486968E+03
  0.562341E+03
  0.649382E+03
  0.749894E+03
  0.865964E+03
  0.100000E+04
  0.115478E+04
  0.133352E+04
  0.153993E+04
  0.177828E+04
  0.205353E+04
  0.237137E+04
  0.273842E+04
  0.316228E+04
  0.365174E+04
  0.421697E+04
  0.486968E+04
  0.562341E+04
  0.649382E+04
  0.749894E+04
  0.865964E+04
  0.100000E+05
  0.115478E+05
  0.133352E+05
  0.153993E+05
  0.177828E+05
  0.205353E+05
  0.237137E+05
  0.273842E+02
  0.316228E+02
  0.365174E+02
  0.421697E+02
  0.486968E+02
  0.562341E+02
  0.649382E+02
  0.749894E+02
  0.865964E+02
  0.100000E+03
  0.115478E+03
  0.133352E+03
  0.153993E+03
  0.177828E+03
  0.205353E+03
  0.237137E+03
  0.273842E+03
  0.316228E+03
  0.365174E+03
  0.421697E+03
  0.486968E+03
  0.562341E+03
  0.649382E+03
  0.749894E+03
  0.865964E+03
  0.100000E+04
  0.115478E+04
  0.133352E+04
  0.153993E+04
  0.177828E+04
  0.205353E+04
  0.237137E+04
  0.273842E+04
  0.316228E+04
  0.365174E+04
  0.421697E+04
  0.486968E+04
  0.562341E+04
  0.649382E+04
  0.749894E+04
  0.865964E+04
  0.100000E+05
  0.115478E+05
  0.133352E+05
  0.153993E+05
  0.177828E+05
  0.205353E+05
  0.237137E+05
  0.273842E+05
  0.316228E+02
  0.365174E+02
  0.421697E+02
  0.486968E+02
  0.562341E+02
  0.649382E+02
  0.749894E+02
  0.865964E+02
  0.100000E+03
  0.115478E+03
  0.133352E+03
  0.153993E+03
  0.177828E+03
  0.205353E+03
  0.237137E+03
  0.273842E+03
  0.316228E+03
  0.365174E+03
  0.421697E+03
  0.486968E+03
  0.562341E+03
  0.649382E+03
  0.749894E+03
  0.865964E+03
  0.100000E+04
  0.115478E+04
  0.133352E+04
  0.153993E+04
  0.177828E+04
  0.205353E+04
  0.237137E+04
  0.273842E+04
  0.316228E+04
  0.365174E+04
  0.421697E+04
  0.486968E+04
  0.562341E+04
  0.649382E+04
  0.749894E+04
  0.865964E+04
  0.100000E+05
  0.115478E+05
  0.133352E+05
  0.153993E+05
  0.177828E+05
  0.205353E+05
  0.237137E+05
  0.273842E+05
  0.316228E+05
  0.365174E+02
  0.421697E+02
  0.486968E+02
  0.562341E+02
  0.649382E+02
  0.749894E+02
  0.865964E+02
  0.100000E+03
  0.115478E+03
  0.133352E+03
  0.153993E+03
  0.177828E+03
  0.205353E+03
  0.237137E+03
  0.273842E+03
  0.316228E+03
  0.365174E+03
  0.421697E+03
  0.486968E+03
  0.562341E+03
  0.649382E+03
  0.749894E+03
  0.865964E+03
  0.100000E+04
  0.115478E+04
  0.133352E+04
  0.153993E+04
  0.177828E+04
  0.205353E+04
  0.237137E+04
  0.273842E+04
  0.316228E+04
  0.365174E+04
  0.421697E+04
  0.486968E+04
  0.562341E+04
  0.649382E+04
  0.749894E+04
  0.865964E+04
  0.100000E+05
  0.115478E+05
  0.133352E+05
  0.153993E+05
  0.177828E+05
  0.205353E+05
  0.237137E+05
  0.273842E+05
  0.316228E+05
  0.365174E+05
  0.421697E+02
  0.486968E+02
  0.562341E+02
  0.649382E+02
  0.749894E+02
  0.865964E+02
  0.100000E+03
  0.115478E+03
  0.133352E+03
  0.153993E+03
  0.177828E+03
  0.205353E+03
  0.237137E+03
  0.273842E+03
  0.316228E+03
  0.365174E+03
  0.421697E+03
  0.486968E+03
  0.562341E+03
  0.649382E+03
  0.749894E+03
  0.865964E+03
  0.100000E+04
  0.115478E+04
  0.133352E+04
  0.153993E+04
  0.177828E+04
  0.205353E+04
  0.237137E+04
  0.273842E+04
  0.316228E+04
  0.365174E+04
  0.421697E+04
  0.486968E+04
  0.562341E+04
  0.649382E+04
  0.749894E+04
  0.865964E+04
  0.100000E+05
  0.115478E+05
  0.133352E+05
  0.153993E+05
  0.177828E+05
  0.205353E+05
  0.237137E+05
  0.273842E+05
  0.316228E+05
  0.365174E+05
  0.421697E+05
  0.486968E+02
  0.562341E+02
  0.649382E+02
  0.749894E+02
  0.865964E+02
  0.100000E+03
  0.115478E+03
  0.133352E+03
  0.153993E+03
  0.177828E+03
  0.205353E+03
  0.237137E+03
  0.273842E+03
  0.316228E+03
  0.365174E+03
  0.421697E+03
  0.486968E+03
  0.562341E+03
  0.649382E+03
  0.749894E+03
  0.865964E+03
  0.100000E+04
  0.115478E+04
  0.133352E+04
  0.153993E+04
  0.177828E+04
  0.205353E+04
  0.237137E+04
  0.273842E+04
  0.316228E+04
  0.365174E+04
  0.421697E+04
  0.486968E+04
  0.562341E+04
  0.649382E+04
  0.749894E+04
  0.865964E+04
  0.100000E+05
  0.115478E+05
  0.133352E+05
  0.153993E+05
  0.177828E+05
  0.205353E+05
  0.237137E+05
  0.273842E+05
  0.316228E+05
  0.365174E+05
  0.421697E+05
  0.486968E+05
  0.562341E+02
  0.649382E+02
  0.749894E+02
  0.865964E+02
  0.100000E+03
  0.115478E+03
  0.133352E+03
  0.153993E+03
  0.177828E+03
  0.205353E+03
  0.237137E+03
  0.273842E+03
  0.316228E+03
  0.365174E+03
  0.421697E+03
  0.486968E+03
  0.562341E+03
  0.649382E+03
  0.749894E+03
  0.865964E+03
  0.100000E+04
  0.115478E+04
  0.133352E+04
  0.153993E+04
  0.177828E+04
  0.205353E+04
  0.237137E+04
  0.273842E+04
  0.316228E+04
  0.365174E+04
  0.421697E+04
  0.486968E+04
  0.562341E+04
  0.649382E+04
  0.749894E+04
  0.865964E+04
  0.100000E+05
  0.115478E+05
  0.133352E+05
  0.153993E+05
  0.177828E+05
  0.205353E+05
  0.237137E+05
  0.273842E+05
  0.316228E+05
  0.365174E+05
  0.421697E+05
  0.486968E+05
  0.562341E+05
  0.649382E+02
  0.749894E+02
  0.865964E+02
  0.100000E+03
  0.115478E+03
  0.133352E+03
  0.153993E+03
  0.177828E+03
  0.205353E+03
  0.237137E+03
  0.273842E+03
  0.316228E+03
  0.365174E+03
  0.421697E+03
  0.486968E+03
  0.562341E+03
  0.649382E+03
  0.749894E+03
  0.865964E+03
  0.100000E+04
  0.115478E+04
  0.133352E+04
  0.153993E+04
  0.177828E+04
  0.205353E+04
  0.237137E+04
  0.273842E+04
  0.316228E+04
  0.365174E+04
  0.421697E+04
  0.486968E+04
  0.562341E+04
  0.649382E+04
  0.749894E+04
  0.865964E+04
  0.100000E+05
  0.115478E+05
  0.133352E+05
  0.153993E+05
  0.177828E+05
  0.205353E+05
  0.237137E+05
  0.273842E+05
  0.316228E+05
  0.365174E+05
  0.421697E+05
  0.486968E+05
  0.562341E+05
  0.649382E+05
  0.749894E+02
  0.865964E+02
  0.100000E+03
  0.115478E+03
  0.133352E+03
  0.153993E+03
  0.177828E+03
  0.205353E+03
  0.237137E+03
  0.273842E+03
  0.316228E+03
  0.365174E+03
  0.421697E+03
  0.486968E+03
  0.562341E+03
  0.649382E+03
  0.749894E+03
  0.865964E+03
  0.100000E+04
  0.115478E+04
  0.133352E+04
  0.153993E+04
  0.177828E+04
  0.205353E+04
  0.237137E+04
  0.273842E+04
  0.316228E+04
  0.365174E+04
  0.421697E+04
  0.486968E+04
  0.562341E+04
  0.649382E+04
  0.749894E+04
  0.865964E+04
  0.100000E+05
  0.115478E+05
  0.133352E+05
  0.153993E+05
  0.177828E+05
  0.205353E+05
  0.237137E+05
  0.273842E+05
  0.316228E+05
  0.365174E+05
  0.421697E+05
  0.486968E+05
  0.562341E+05
  0.649382E+05
  0.749894E+05
  0.865964E+02
  0.100000E+03
  0.115478E+03
  0.133352E+03
  0.153993E+03
  0.177828E+03
  0.205353E+03
  0.237137E+03
  0.273842E+03
  0.316228E+03
  0.365174E+03
  0.421697E+03
  0.486968E+03
  0.562341E+03
  0.649382E+03
  0.749894E+03
  0.865964E+03
  0.100000E+04
  0.115478E+04
  0.133352E+04
  0.153993E+04
  0.177828E+04
  0.205353E+04
  0.237137E+04
  0.273842E+04
  0.316228E+04
  0.365174E+04
  0.421697E+04
  0.486968E+04
  0.562341E+04
  0.649382E+04
  0.749894E+04
  0.865964E+04
  0.100000E+05
  0.115478E+05
  0.133352E+05
  0.153993E+05
  0.177828E+05
  0.205353E+05
  0.237137E+05
  0.273842E+05
  0.316228E+05
  0.365174E+05
  0.421697E+05
  0.486968E+05
  0.562341E+05
  0.649382E+05
  0.749894E+05
  0.865964E+05
  0.100000E+03
  0.115478E+03
  0.133352E+03
  0.153993E+03
  0.177828E+03
  0.205353E+03
  0.237137E+03
  0.273842E+03
  0.316228E+03
  0.365174E+03
  0.421697E+03
  0.486968E+03
  0.562341E+03
  0.649382E+03
  0.749894E+03
  0.865964E+03
  0.100000E+04
  0.115478E+04
  0.133352E+04
  0.153993E+04
  0.177828E+04
  0.205353E+04
  0.237137E+04
  0.273842E+04
  0.316228E+04
  0.365174E+04
  0.421697E+04
  0.486968E+04
  0.562341E+04
  0.649382E+04
  0.749894E+04
  0.865964E+04
  0.100000E+05
  0.115478E+05
  0.133352E+05
  0.153993E+05
  0.177828E+05
  0.205353E+05
  0.237137E+05
  0.273842E+05
  0.316228E+05
  0.365174E+05
  0.421697E+05
  0.486968E+05
  0.562341E+05
  0.649382E+05
  0.749894E+05
  0.865964E+05
  0.100000E+06
  0.115478E+03
  0.133352E+03
  0.153993E+03
  0.177828E+03
  0.205353E+03
  0.237137E+03
  0.273842E+03
  0.316228E+03
  0.365174E+03
  0.421697E+03
  0.486968E+03
  0.562341E+03
  0.649382E+03
  0.749894E+03
  0.865964E+03
  0.100000E+04
  0.115478E+04
  0.133352E+04
  0.153993E+04
  0.177828E+04
  0.205353E+04
  0.237137E+04
  0.273842E+04
  0.316228E+04
  0.365174E+04
  0.421697E+04
  0.486968E+04
  0.562341E+04
  0.649382E+04
  0.749894E+04
  0.865964E+04
  0.100000E+05
  0.115478E+05
  0.133352E+05
  0.153993E+05
  0.177828E+05
  0.205353E+05
  0.237137E+05
  0.273842E+05
  0.316228E+05
  0.365174E+05
  0.421697E+05
  0.486968E+05
  0.562341E+05
  0.649382E+05
  0.749894E+05
  0.865964E+05
  0.100000E+06
  0.115478E+06
  0.133352E+03
  0.153993E+03
  0.177828E+03
  0.205353E+03
  0.237137E+03
  0.273842E+03
  0.316228E+03
  0.365174E+03
  0.421697E+03
  0.486968E+03
  0.562341E+03
  0.649382E+03
  0.749894E+03
  0.865964E+03
  0.100000E+04
  0.115478E+04
  0.133352E+04
  0.153993E+04
  0.177828E+04
  0.205353E+04
  0.237137E+04
  0.273842E+04
  0.316228E+04
  0.365174E+04
  0.421697E+04
  0.486968E+04
  0.562341E+04
  0.649382E+04
  0.749894E+04
  0.865964E+04
  0.100000E+05
  0.115478E+05
  0.133352E+05
  0.153993E+05
  0.177828E+05
  0.205353E+05
  0.237137E+05
  0.273842E+05
  0.316228E+05
  0.365174E+05
  0.421697E+05
  0.486968E+05
  0.562341E+05
  0.649382E+05
  0.749894E+05
  0.865964E+05
  0.100000E+06
  0.115478E+06
  0.133352E+06
  0.153993E+03
  0.177828E+03
  0.205353E+03
  0.237137E+03
  0.273842E+03
  0.316228E+03
  0.365174E+03
  0.421697E+03
  0.486968E+03
  0.562341E+03
  0.649382E+03
  0.749894E+03
  0.865964E+03
  0.100000E+04
  0.115478E+04
  0.133352E+04
  0.153993E+04
  0.177828E+04
  0.205353E+04
  0.237137E+04
  0.273842E+04
  0.316228E+04
  0.365174E+04
  0.421697E+04
  0.486968E+04
  0.562341E+04
  0.649382E+04
  0.749894E+04
  0.865964E+04
  0.100000E+05
  0.115478E+05
  0.133352E+05
  0.153993E+05
  0.177828E+05
  0.205353E+05
  0.237137E+05
  0.273842E+05
  0.316228E+05
  0.365174E+05
  0.421697E+05
  0.486968E+05
  0.562341E+05
  0.649382E+05
  0.749894E+05
  0.865964E+05
  0.100000E+06
  0.115478E+06
  0.133352E+06
  0.153993E+06
  0.177828E+03
  0.205353E+03
  0.237137E+03
  0.273842E+03
  0.316228E+03
  0.365174E+03
  0.421697E+03
  0.486968E+03
  0.562341E+03
  0.649382E+03
  0.749894E+03
  0.865964E+03
  0.100000E+04
  0.115478E+04
  0.133352E+04
  0.153993E+04
  0.177828E+04
  0.205353E+04
  0.237137E+04
  0.273842E+04
  0.316228E+04
  0.365174E+04
  0.421697E+04
  0.486968E+04
  0.562341E+04
  0.649382E+04
  0.749894E+04
  0.865964E+04
  0.100000E+05
  0.115478E+05
  0.133352E+05
  0.153993E+05
  0.177828E+05
  0.205353E+05
  0.237137E+05
  0.273842E+05
  0.316228E+05
  0.365174E+05
  0.421697E+05
  0.486968E+05
  0.562341E+05
  0.649382E+05
  0.749894E+05
  0.865964E+05
  0.100000E+06
  0.115478E+06
  0.133352E+06
  0.153993E+06
  0.177828E+06
  0.205353E+03
  0.237137E+03
  0.273842E+03
  0.316228E+03
  0.365174E+03
  0.421697E+03
  0.486968E+03
  0.562341E+03
  0.649382E+03
  0.749894E+03
  0.865964E+03
  0.100000E+04
  0.115478E+04
  0.133352E+04
  0.153993E+04
  0.177828E+04
  0.205353E+04
  0.237137E+04
  0.273842E+04
  0.316228E+04
  0.365174E+04
  0.421697E+04
  0.486968E+04
  0.562341E+04
  0.649382E+04
  0.749894E+04
  0.865964E+04
  0.100000E+05
  0.115478E+05
  0.133352E+05
  0.153993E+05
  0.177828E+05
  0.205353E+05
  0.237137E+05
  0.273842E+05
  0.316228E+05
  0.365174E+05
  0.421697E+05
  0.486968E+05
  0.562341E+05
  0.649382E+05
  0.749894E+05
  0.865964E+05
  0.100000E+06
  0.115478E+06
  0.133352E+06
  0.153993E+06
  0.177828E+06
  0.205353E+06
  0.237137E+03
  0.273842E+03
  0.316228E+03
  0.365174E+03
  0.421697E+03
  0.486968E+03
  0.562341E+03
  0.649382E+03
  0.749894E+03
  0.865964E+03
  0.100000E+04
  0.115478E+04
  0.133352E+04
  0.153993E+04
  0.177828E+04
  0.205353E+04
  0.237137E+04
  0.273842E+04
  0.316228E+04
  0.365174E+04
  0.421697E+04
  0.486968E+04
  0.562341E+04
  0.649382E+04
  0.749894E+04
  0.865964E+04
  0.100000E+05
  0.115478E+05
  0.133352E+05
  0.153993E+05
  0.177828E+05
  0.205353E+05
  0.237137E+05
  0.273842E+05
  0.316228E+05
  0.365174E+05
  0.421697E+05
  0.486968E+05
  0.562341E+05
  0.649382E+05
  0.749894E+05
  0.865964E+05
  0.100000E+06
  0.115478E+06
  0.133352E+06
  0.153993E+06
  0.177828E+06
  0.205353E+06
  0.237137E+06
  0.273842E+03
  0.316228E+03
  0.365174E+03
  0.421697E+03
  0.486968E+03
  0.562341E+03
  0.649382E+03
  0.749894E+03
  0.865964E+03
  0.100000E+04
  0.115478E+04
  0.133352E+04
  0.153993E+04
  0.177828E+04
  0.205353E+04
  0.237137E+04
  0.273842E+04
  0.316228E+04
  0.365174E+04
  0.421697E+04
  0.486968E+04
  0.562341E+04
  0.649382E+04
  0.749894E+04
  0.865964E+04
  0.100000E+05
  0.115478E+05
  0.133352E+05
  0.153993E+05
  0.177828E+05
  0.205353E+05
  0.237137E+05
  0.273842E+05
  0.316228E+05
  0.365174E+05
  0.421697E+05
  0.486968E+05
  0.562341E+05
  0.649382E+05
  0.749894E+05
  0.865964E+05
  0.100000E+06
  0.115478E+06
  0.133352E+06
  0.153993E+06
  0.177828E+06
  0.205353E+06
  0.237137E+06
  0.273842E+06
  0.316228E+03
  0.365174E+03
  0.421697E+03
  0.486968E+03
  0.562341E+03
  0.649382E+03
  0.749894E+03
  0.865964E+03
  0.100000E+04
  0.115478E+04
  0.133352E+04
  0.153993E+04
  0.177828E+04
  0.205353E+04
  0.237137E+04
  0.273842E+04
  0.316228E+04
  0.365174E+04
  0.421697E+04
  0.486968E+04
  0.562341E+04
  0.649382E+04
  0.749894E+04
  0.865964E+04
  0.100000E+05
  0.115478E+05
  0.133352E+05
  0.153993E+05
  0.177828E+05
  0.205353E+05
  0.237137E+05
  0.273842E+05
  0.316228E+05
  0.365174E+05
  0.421697E+05
  0.486968E+05
  0.562341E+05
  0.649382E+05
  0.749894E+05
  0.865964E+05
  0.100000E+06
  0.115478E+06
  0.133352E+06
  0.153993E+06
  0.177828E+06
  0.205353E+06
  0.237137E+06
  0.273842E+06
  0.316228E+06
  0.365174E+03
  0.421697E+03
  0.486968E+03
  0.562341E+03
  0.649382E+03
  0.749894E+03
  0.865964E+03
  0.100000E+04
  0.115478E+04
  0.133352E+04
  0.153993E+04
  0.177828E+04
  0.205353E+04
  0.237137E+04
  0.273842E+04
  0.316228E+04
  0.365174E+04
  0.421697E+04
  0.486968E+04
  0.562341E+04
  0.649382E+04
  0.749894E+04
  0.865964E+04
  0.100000E+05
  0.115478E+05
  0.133352E+05
  0.153993E+05
  0.177828E+05
  0.205353E+05
  0.237137E+05
  0.273842E+05
  0.316228E+05
  0.365174E+05
  0.421697E+05
  0.486968E+05
  0.562341E+05
  0.649382E+05
  0.749894E+05
  0.865964E+05
  0.100000E+06
  0.115478E+06
  0.133352E+06
  0.153993E+06
  0.177828E+06
  0.205353E+06
  0.237137E+06
  0.273842E+06
  0.316228E+06
  0.365174E+06
  0.421697E+03
  0.486968E+03
  0.562341E+03
  0.649382E+03
  0.749894E+03
  0.865964E+03
  0.100000E+04
  0.115478E+04
  0.133352E+04
  0.153993E+04
  0.177828E+04
  0.205353E+04
  0.237137E+04
  0.273842E+04
  0.316228E+04
  0.365174E+04
  0.421697E+04
  0.486968E+04
  0.562341E+04
  0.649382E+04
  0.749894E+04
  0.865964E+04
  0.100000E+05
  0.115478E+05
  0.133352E+05
  0.153993E+05
  0.177828E+05
  0.205353E+05
  0.237137E+05
  0.273842E+05
  0.316228E+05
  0.365174E+05
  0.421697E+05
  0.486968E+05
  0.562341E+05
  0.649382E+05
  0.749894E+05
  0.865964E+05
  0.100000E+06
  0.115478E+06
  0.133352E+06
  0.153993E+06
  0.177828E+06
  0.205353E+06
  0.237137E+06
  0.273842E+06
  0.316228E+06
  0.365174E+06
  0.421697E+06
  0.486968E+03
  0.562341E+03
  0.649382E+03
  0.749894E+03
  0.865964E+03
  0.100000E+04
  0.115478E+04
  0.133352E+04
  0.153993E+04
  0.177828E+04
  0.205353E+04
  0.237137E+04
  0.273842E+04
  0.316228E+04
  0.365174E+04
  0.421697E+04
  0.486968E+04
  0.562341E+04
  0.649382E+04
  0.749894E+04
  0.865964E+04
  0.100000E+05
  0.115478E+05
  0.133352E+05
  0.153993E+05
  0.177828E+05
  0.205353E+05
  0.237137E+05
  0.273842E+05
  0.316228E+05
  0.365174E+05
  0.421697E+05
  0.486968E+05
  0.562341E+05
  0.649382E+05
  0.749894E+05
  0.865964E+05
  0.100000E+06
  0.115478E+06
  0.133352E+06
  0.153993E+06
  0.177828E+06
  0.205353E+06
  0.237137E+06
  0.273842E+06
  0.316228E+06
  0.365174E+06
  0.421697E+06
  0.486968E+06
  0.562341E+03
  0.649382E+03
  0.749894E+03
  0.865964E+03
  0.100000E+04
  0.115478E+04
  0.133352E+04
  0.153993E+04
  0.177828E+04
  0.205353E+04
  0.237137E+04
  0.273842E+04
  0.316228E+04
  0.365174E+04
  0.421697E+04
  0.486968E+04
  0.562341E+04
  0.649382E+04
  0.749894E+04
  0.865964E+04
  0.100000E+05
  0.115478E+05
  0.133352E+05
  0.153993E+05
  0.177828E+05
  0.205353E+05
  0.237137E+05
  0.273842E+05
  0.316228E+05
  0.365174E+05
  0.421697E+05
  0.486968E+05
  0.562341E+05
  0.649382E+05
  0.749894E+05
  0.865964E+05
  0.100000E+06
  0.115478E+06
  0.133352E+06
  0.153993E+06
  0.177828E+06
  0.205353E+06
  0.237137E+06
  0.273842E+06
  0.316228E+06
  0.365174E+06
  0.421697E+06
  0.486968E+06
  0.562341E+06
  0.649382E+03
  0.749894E+03
  0.865964E+03
  0.100000E+04
  0.115478E+04
  0.133352E+04
  0.153993E+04
  0.177828E+04
  0.205353E+04
  0.237137E+04
  0.273842E+04
  0.316228E+04
  0.365174E+04
  0.421697E+04
  0.486968E+04
  0.562341E+04
  0.649382E+04
  0.749894E+04
  0.865964E+04
  0.100000E+05
  0.115478E+05
  0.133352E+05
  0.153993E+05
  0.177828E+05
  0.205353E+05
  0.237137E+05
  0.273842E+05
  0.316228E+05
  0.365174E+05
  0.421697E+05
  0.486968E+05
  0.562341E+05
  0.649382E+05
  0.749894E+05
  0.865964E+05
  0.100000E+06
  0.115478E+06
  0.133352E+06
  0.153993E+06
  0.177828E+06
  0.205353E+06
  0.237137E+06
  0.273842E+06
  0.316228E+06
  0.365174E+06
  0.421697E+06
  0.486968E+06
  0.562341E+06
  0.649382E+06
  0.749894E+03
  0.865964E+03
  0.100000E+04
  0.115478E+04
  0.133352E+04
  0.153993E+04
  0.177828E+04
  0.205353E+04
  0.237137E+04
  0.273842E+04
  0.316228E+04
  0.365174E+04
  0.421697E+04
  0.486968E+04
  0.562341E+04
  0.649382E+04
  0.749894E+04
  0.865964E+04
  0.100000E+05
  0.115478E+05
  0.133352E+05
  0.153993E+05
  0.177828E+05
  0.205353E+05
  0.237137E+05
  0.273842E+05
  0.316228E+05
  0.365174E+05
  0.421697E+05
  0.486968E+05
  0.562341E+05
  0.649382E+05
  0.749894E+05
  0.865964E+05
  0.100000E+06
  0.115478E+06
  0.133352E+06
  0.153993E+06
  0.177828E+06
  0.205353E+06
  0.237137E+06
  0.273842E+06
  0.316228E+06
  0.365174E+06
  0.421697E+06
  0.486968E+06
  0.562341E+06
  0.649382E+06
  0.749894E+06
  0.865964E+03
  0.100000E+04
  0.115478E+04
  0.133352E+04
  0.153993E+04
  0.177828E+04
  0.205353E+04
  0.237137E+04
  0.273842E+04
  0.316228E+04
  0.365174E+04
  0.421697E+04
  0.486968E+04
  0.562341E+04
  0.649382E+04
  0.749894E+04
  0.865964E+04
  0.100000E+05
  0.115478E+05
  0.133352E+05
  0.153993E+05
  0.177828E+05
  0.205353E+05
  0.237137E+05
  0.273842E+05
  0.316228E+05
  0.365174E+05
  0.421697E+05
  0.486968E+05
  0.562341E+05
  0.649382E+05
  0.749894E+05
  0.865964E+05
  0.100000E+06
  0.115478E+06
  0.133352E+06
  0.153993E+06
  0.177828E+06
  0.205353E+06
  0.237137E+06
  0.273842E+06
  0.316228E+06
  0.365174E+06
  0.421697E+06
  0.486968E+06
  0.562341E+06
  0.649382E+06
  0.749894E+06
  0.865964E+06
  0.100000E+04
  0.115478E+04
  0.133352E+04
  0.153993E+04
  0.177828E+04
  0.205353E+04
  0.237137E+04
  0.273842E+04
  0.316228E+04
  0.365174E+04
  0.421697E+04
  0.486968E+04
  0.562341E+04
  0.649382E+04
  0.749894E+04
  0.865964E+04
  0.100000E+05
  0.115478E+05
  0.133352E+05
  0.153993E+05
  0.177828E+05
  0.205353E+05
  0.237137E+05
  0.273842E+05
  0.316228E+05
  0.365174E+05
  0.421697E+05
  0.486968E+05
  0.562341E+05
  0.649382E+05
  0.749894E+05
  0.865964E+05
  0.100000E+06
  0.115478E+06
  0.133352E+06
  0.153993E+06
  0.177828E+06
  0.205353E+06
  0.237137E+06
  0.273842E+06
  0.316228E+06
  0.365174E+06
  0.421697E+06
  0.486968E+06
  0.562341E+06
  0.649382E+06
  0.749894E+06
  0.865964E+06
  0.100000E+07
  0.115478E+04
  0.133352E+04
  0.153993E+04
  0.177828E+04
  0.205353E+04
  0.237137E+04
  0.273842E+04
  0.316228E+04
  0.365174E+04
  0.421697E+04
  0.486968E+04
  0.562341E+04
  0.649382E+04
  0.749894E+04
  0.865964E+04
  0.100000E+05
  0.115478E+05
  0.133352E+05
  0.153993E+05
  0.177828E+05
  0.205353E+05
  0.237137E+05
  0.273842E+05
  0.316228E+05
  0.365174E+05
  0.421697E+05
  0.486968E+05
  0.562341E+05
  0.649382E+05
  0.749894E+05
  0.865964E+05
  0.100000E+06
  0.115478E+06
  0.133352E+06
  0.153993E+06
  0.177828E+06
  0.205353E+06
  0.237137E+06
  0.273842E+06
  0.316228E+06
  0.365174E+06
  0.421697E+06
  0.486968E+06
  0.562341E+06
  0.649382E+06
  0.749894E+06
  0.865964E+06
  0.100000E+07
  0.115478E+07
  0.133352E+04
  0.153993E+04
  0.177828E+04
  0.205353E+04
  0.237137E+04
  0.273842E+04
  0.316228E+04
  0.365174E+04
  0.421697E+04
  0.486968E+04
  0.562341E+04
  0.649382E+04
  0.749894E+04
  0.865964E+04
  0.100000E+05
  0.115478E+05
  0.133352E+05
  0.153993E+05
  0.177828E+05
  0.205353E+05
  0.237137E+05
  0.273842E+05
  0.316228E+05
  0.365174E+05
  0.421697E+05
  0.486968E+05
  0.562341E+05
  0.649382E+05
  0.749894E+05
  0.865964E+05
  0.100000E+06
  0.115478E+06
  0.133352E+06
  0.153993E+06
  0.177828E+06
  0.205353E+06
  0.237137E+06
  0.273842E+06
  0.316228E+06
  0.365174E+06
  0.421697E+06
  0.486968E+06
  0.562341E+06
  0.649382E+06
  0.749894E+06
  0.865964E+06
  0.100000E+07
  0.115478E+07
  0.133352E+07
  0.153993E+04
  0.177828E+04
  0.205353E+04
  0.237137E+04
  0.273842E+04
  0.316228E+04
  0.365174E+04
  0.421697E+04
  0.486968E+04
  0.562341E+04
  0.649382E+04
  0.749894E+04
  0.865964E+04
  0.100000E+05
  0.115478E+05
  0.133352E+05
  0.153993E+05
  0.177828E+05
  0.205353E+05
  0.237137E+05
  0.273842E+05
  0.316228E+05
  0.365174E+05
  0.421697E+05
  0.486968E+05
  0.562341E+05
  0.649382E+05
  0.749894E+05
  0.865964E+05
  0.100000E+06
  0.115478E+06
  0.133352E+06
  0.153993E+06
  0.177828E+06
  0.205353E+06
  0.237137E+06
  0.273842E+06
  0.316228E+06
  0.365174E+06
  0.421697E+06
  0.486968E+06
  0.562341E+06
  0.649382E+06
  0.749894E+06
  0.865964E+06
  0.100000E+07
  0.115478E+07
  0.133352E+07
  0.153993E+07
  0.177828E+04
  0.205353E+04
  0.237137E+04
  0.273842E+04
  0.316228E+04
  0.365174E+04
  0.421697E+04
  0.486968E+04
  0.562341E+04
  0.649382E+04
  0.749894E+04
  0.865964E+04
  0.100000E+05
  0.115478E+05
  0.133352E+05
  0.153993E+05
  0.177828E+05
  0.205353E+05
  0.237137E+05
  0.273842E+05
  0.316228E+05
  0.365174E+05
  0.421697E+05
  0.486968E+05
  0.562341E+05
  0.649382E+05
  0.749894E+05
  0.865964E+05
  0.100000E+06
  0.115478E+06
  0.133352E+06
  0.153993E+06
  0.177828E+06
  0.205353E+06
  0.237137E+06
  0.273842E+06
  0.316228E+06
  0.365174E+06
  0.421697E+06
  0.486968E+06
  0.562341E+06
  0.649382E+06
  0.749894E+06
  0.865964E+06
  0.100000E+07
  0.115478E+07
  0.133352E+07
  0.153993E+07
  0.177828E+07
  0.205353E+04
  0.237137E+04
  0.273842E+04
  0.316228E+04
  0.365174E+04
  0.421697E+04
  0.486968E+04
  0.562341E+04
  0.649382E+04
  0.749894E+04
  0.865964E+04
  0.100000E+05
  0.115478E+05
  0.133352E+05
  0.153993E+05
  0.177828E+05
  0.205353E+05
  0.237137E+05
  0.273842E+05
  0.316228E+05
  0.365174E+05
  0.421697E+05
  0.486968E+05
  0.562341E+05
  0.649382E+05
  0.749894E+05
  0.865964E+05
  0.100000E+06
  0.115478E+06
  0.133352E+06
  0.153993E+06
  0.177828E+06
  0.205353E+06
  0.237137E+06
  0.273842E+06
  0.316228E+06
  0.365174E+06
  0.421697E+06
  0.486968E+06
  0.562341E+06
  0.649382E+06
  0.749894E+06
  0.865964E+06
  0.100000E+07
  0.115478E+07
  0.133352E+07
  0.153993E+07
  0.177828E+07
  0.205353E+07
  0.237137E+04
  0.273842E+04
  0.316228E+04
  0.365174E+04
  0.421697E+04
  0.486968E+04
  0.562341E+04
  0.649382E+04
  0.749894E+04
  0.865964E+04
  0.100000E+05
  0.115478E+05
  0.133352E+05
  0.153993E+05
  0.177828E+05
  0.205353E+05
  0.237137E+05
  0.273842E+05
  0.316228E+05
  0.365174E+05
  0.421697E+05
  0.486968E+05
  0.562341E+05
  0.649382E+05
  0.749894E+05
  0.865964E+05
  0.100000E+06
  0.115478E+06
  0.133352E+06
  0.153993E+06
  0.177828E+06
  0.205353E+06
  0.237137E+06
  0.273842E+06
  0.316228E+06
  0.365174E+06
  0.421697E+06
  0.486968E+06
  0.562341E+06
  0.649382E+06
  0.749894E+06
  0.865964E+06
  0.100000E+07
  0.115478E+07
  0.133352E+07
  0.153993E+07
  0.177828E+07
  0.205353E+07
  0.237137E+07
  0.273842E+04
  0.316228E+04
  0.365174E+04
  0.421697E+04
  0.486968E+04
  0.562341E+04
  0.649382E+04
  0.749894E+04
  0.865964E+04
  0.100000E+05
  0.115478E+05
  0.133352E+05
  0.153993E+05
  0.177828E+05
  0.205353E+05
  0.237137E+05
  0.273842E+05
  0.316228E+05
  0.365174E+05
  0.421697E+05
  0.486968E+05
  0.562341E+05
  0.649382E+05
  0.749894E+05
  0.865964E+05
  0.100000E+06
  0.115478E+06
  0.133352E+06
  0.153993E+06
  0.177828E+06
  0.205353E+06
  0.237137E+06
  0.273842E+06
  0.316228E+06
  0.365174E+06
  0.421697E+06
  0.486968E+06
  0.562341E+06
  0.649382E+06
  0.749894E+06
  0.865964E+06
  0.100000E+07
  0.115478E+07
  0.133352E+07
  0.153993E+07
  0.177828E+07
  0.205353E+07
  0.237137E+07
  0.273842E+07
  0.316228E+04
  0.365174E+04
  0.421697E+04
  0.486968E+04
  0.562341E+04
  0.649382E+04
  0.749894E+04
  0.865964E+04
  0.100000E+05
  0.115478E+05
  0.133352E+05
  0.153993E+05
  0.177828E+05
  0.205353E+05
  0.237137E+05
  0.273842E+05
  0.316228E+05
  0.365174E+05
  0.421697E+05
  0.486968E+05
  0.562341E+05
  0.649382E+05
  0.749894E+05
  0.865964E+05
  0.100000E+06
  0.115478E+06
  0.133352E+06
  0.153993E+06
  0.177828E+06
  0.205353E+06
  0.237137E+06
  0.273842E+06
  0.316228E+06
  0.365174E+06
  0.421697E+06
  0.486968E+06
  0.562341E+06
  0.649382E+06
  0.749894E+06
  0.865964E+06
  0.100000E+07
  0.115478E+07
  0.133352E+07
  0.153993E+07
  0.177828E+07
  0.205353E+07
  0.237137E+07
  0.273842E+07
  0.316228E+07
  0.365174E+04
  0.421697E+04
  0.486968E+04
  0.562341E+04
  0.649382E+04
  0.749894E+04
  0.865964E+04
  0.100000E+05
  0.115478E+05
  0.133352E+05
  0.153993E+05
  0.177828E+05
  0.205353E+05
  0.237137E+05
  0.273842E+05
  0.316228E+05
  0.365174E+05
  0.421697E+05
  0.486968E+05
  0.562341E+05
  0.649382E+05
  0.749894E+05
  0.865964E+05
  0.100000E+06
  0.115478E+06
  0.133352E+06
  0.153993E+06
  0.177828E+06
  0.205353E+06
  0.237137E+06
  0.273842E+06
  0.316228E+06
  0.365174E+06
  0.421697E+06
  0.486968E+06
  0.562341E+06
  0.649382E+06
  0.749894E+06
  0.865964E+06
  0.100000E+07
  0.115478E+07
  0.133352E+07
  0.153993E+07
  0.177828E+07
  0.205353E+07
  0.237137E+07
  0.273842E+07
  0.316228E+07
  0.365174E+07
  0.421697E+04
  0.486968E+04
  0.562341E+04
  0.649382E+04
  0.749894E+04
  0.865964E+04
  0.100000E+05
  0.115478E+05
  0.133352E+05
  0.153993E+05
  0.177828E+05
  0.205353E+05
  0.237137E+05
  0.273842E+05
  0.316228E+05
  0.365174E+05
  0.421697E+05
  0.486968E+05
  0.562341E+05
  0.649382E+05
  0.749894E+05
  0.865964E+05
  0.100000E+06
  0.115478E+06
  0.133352E+06
  0.153993E+06
  0.177828E+06
  0.205353E+06
  0.237137E+06
  0.273842E+06
  0.316228E+06
  0.365174E+06
  0.421697E+06
  0.486968E+06
  0.562341E+06
  0.649382E+06
  0.749894E+06
  0.865964E+06
  0.100000E+07
  0.115478E+07
  0.133352E+07
  0.153993E+07
  0.177828E+07
  0.205353E+07
  0.237137E+07
  0.273842E+07
  0.316228E+07
  0.365174E+07
  0.421697E+07
  0.486968E+04
  0.562341E+04
  0.649382E+04
  0.749894E+04
  0.865964E+04
  0.100000E+05
  0.115478E+05
  0.133352E+05
  0.153993E+05
  0.177828E+05
  0.205353E+05
  0.237137E+05
  0.273842E+05
  0.316228E+05
  0.365174E+05
  0.421697E+05
  0.486968E+05
  0.562341E+05
  0.649382E+05
  0.749894E+05
  0.865964E+05
  0.100000E+06
  0.115478E+06
  0.133352E+06
  0.153993E+06
  0.177828E+06
  0.205353E+06
  0.237137E+06
  0.273842E+06
  0.316228E+06
  0.365174E+06
  0.421697E+06
  0.486968E+06
  0.562341E+06
  0.649382E+06
  0.749894E+06
  0.865964E+06
  0.100000E+07
  0.115478E+07
  0.133352E+07
  0.153993E+07
  0.177828E+07
  0.205353E+07
  0.237137E+07
  0.273842E+07
  0.316228E+07
  0.365174E+07
  0.421697E+07
  0.486968E+07
  0.562341E+04
  0.649382E+04
  0.749894E+04
  0.865964E+04
  0.100000E+05
  0.115478E+05
  0.133352E+05
  0.153993E+05
  0.177828E+05
  0.205353E+05
  0.237137E+05
  0.273842E+05
  0.316228E+05
  0.365174E+05
  0.421697E+05
  0.486968E+05
  0.562341E+05
  0.649382E+05
  0.749894E+05
  0.865964E+05
  0.100000E+06
  0.115478E+06
  0.133352E+06
  0.153993E+06
  0.177828E+06
  0.205353E+06
  0.237137E+06
  0.273842E+06
  0.316228E+06
  0.365174E+06
  0.421697E+06
  0.486968E+06
  0.562341E+06
  0.649382E+06
  0.749894E+06
  0.865964E+06
  0.100000E+07
  0.115478E+07
  0.133352E+07
  0.153993E+07
  0.177828E+07
  0.205353E+07
  0.237137E+07
  0.273842E+07
  0.316228E+07
  0.365174E+07
  0.421697E+07
  0.486968E+07
  0.562341E+07
  0.649382E+04
  0.749894E+04
  0.865964E+04
  0.100000E+05
  0.115478E+05
  0.133352E+05
  0.153993E+05
  0.177828E+05
  0.205353E+05
  0.237137E+05
  0.273842E+05
  0.316228E+05
  0.365174E+05
  0.421697E+05
  0.486968E+05
  0.562341E+05
  0.649382E+05
  0.749894E+05
  0.865964E+05
  0.100000E+06
  0.115478E+06
  0.133352E+06
  0.153993E+06
  0.177828E+06
  0.205353E+06
  0.237137E+06
  0.273842E+06
  0.316228E+06
  0.365174E+06
  0.421697E+06
  0.486968E+06
  0.562341E+06
  0.649382E+06
  0.749894E+06
  0.865964E+06
  0.100000E+07
  0.115478E+07
  0.133352E+07
  0.153993E+07
  0.177828E+07
  0.205353E+07
  0.237137E+07
  0.273842E+07
  0.316228E+07
  0.365174E+07
  0.421697E+07
  0.486968E+07
  0.562341E+07
  0.649382E+07
  0.749894E+04
  0.865964E+04
  0.100000E+05
  0.115478E+05
  0.133352E+05
  0.153993E+05
  0.177828E+05
  0.205353E+05
  0.237137E+05
  0.273842E+05
  0.316228E+05
  0.365174E+05
  0.421697E+05
  0.486968E+05
  0.562341E+05
  0.649382E+05
  0.749894E+05
  0.865964E+05
  0.100000E+06
  0.115478E+06
  0.133352E+06
  0.153993E+06
  0.177828E+06
  0.205353E+06
  0.237137E+06
  0.273842E+06
  0.316228E+06
  0.365174E+06
  0.421697E+06
  0.486968E+06
  0.562341E+06
  0.649382E+06
  0.749894E+06
  0.865964E+06
  0.100000E+07
  0.115478E+07
  0.133352E+07
  0.153993E+07
  0.177828E+07
  0.205353E+07
  0.237137E+07
  0.273842E+07
  0.316228E+07
  0.365174E+07
  0.421697E+07
  0.486968E+07
  0.562341E+07
  0.649382E+07
  0.749894E+07
  0.865964E+04
  0.100000E+05
  0.115478E+05
  0.133352E+05
  0.153993E+05
  0.177828E+05
  0.205353E+05
  0.237137E+05
  0.273842E+05
  0.316228E+05
  0.365174E+05
  0.421697E+05
  0.486968E+05
  0.562341E+05
  0.649382E+05
  0.749894E+05
  0.865964E+05
  0.100000E+06
  0.115478E+06
  0.133352E+06
  0.153993E+06
  0.177828E+06
  0.205353E+06
  0.237137E+06
  0.273842E+06
  0.316228E+06
  0.365174E+06
  0.421697E+06
  0.486968E+06
  0.562341E+06
  0.649382E+06
  0.749894E+06
  0.865964E+06
  0.100000E+07
  0.115478E+07
  0.133352E+07
  0.153993E+07
  0.177828E+07
  0.205353E+07
  0.237137E+07
  0.273842E+07
  0.316228E+07
  0.365174E+07
  0.421697E+07
  0.486968E+07
  0.562341E+07
  0.649382E+07
  0.749894E+07
  0.865964E+07
  0.100000E+05
  0.115478E+05
  0.133352E+05
  0.153993E+05
  0.177828E+05
  0.205353E+05
  0.237137E+05
  0.273842E+05
  0.316228E+05
  0.365174E+05
  0.421697E+05
  0.486968E+05
  0.562341E+05
  0.649382E+05
  0.749894E+05
  0.865964E+05
  0.100000E+06
  0.115478E+06
  0.133352E+06
  0.153993E+06
  0.177828E+06
  0.205353E+06
  0.237137E+06
  0.273842E+06
  0.316228E+06
  0.365174E+06
  0.421697E+06
  0.486968E+06
  0.562341E+06
  0.649382E+06
  0.749894E+06
  0.865964E+06
  0.100000E+07
  0.115478E+07
  0.133352E+07
  0.153993E+07
  0.177828E+07
  0.205353E+07
  0.237137E+07
  0.273842E+07
  0.316228E+07
  0.365174E+07
  0.421697E+07
  0.486968E+07
  0.562341E+07
  0.649382E+07
  0.749894E+07
  0.865964E+07
  0.100000E+08
  0.115478E+05
  0.133352E+05
  0.153993E+05
  0.177828E+05
  0.205353E+05
  0.237137E+05
  0.273842E+05
  0.316228E+05
  0.365174E+05
  0.421697E+05
  0.486968E+05
  0.562341E+05
  0.649382E+05
  0.749894E+05
  0.865964E+05
  0.100000E+06
  0.115478E+06
  0.133352E+06
  0.153993E+06
  0.177828E+06
  0.205353E+06
  0.237137E+06
  0.273842E+06
  0.316228E+06
  0.365174E+06
  0.421697E+06
  0.486968E+06
  0.562341E+06
  0.649382E+06
  0.749894E+06
  0.865964E+06
  0.100000E+07
  0.115478E+07
  0.133352E+07
  0.153993E+07
  0.177828E+07
  0.205353E+07
  0.237137E+07
  0.273842E+07
  0.316228E+07
  0.365174E+07
  0.421697E+07
  0.486968E+07
  0.562341E+07
  0.649382E+07
  0.749894E+07
  0.865964E+07
  0.100000E+08
  0.115478E+08
  0.133352E+05
  0.153993E+05
  0.177828E+05
  0.205353E+05
  0.237137E+05
  0.273842E+05
  0.316228E+05
  0.365174E+05
  0.421697E+05
  0.486968E+05
  0.562341E+05
  0.649382E+05
  0.749894E+05
  0.865964E+05
  0.100000E+06
  0.115478E+06
  0.133352E+06
  0.153993E+06
  0.177828E+06
  0.205353E+06
  0.237137E+06
  0.273842E+06
  0.316228E+06
  0.365174E+06
  0.421697E+06
  0.486968E+06
  0.562341E+06
  0.649382E+06
  0.749894E+06
  0.865964E+06
  0.100000E+07
  0.115478E+07
  0.133352E+07
  0.153993E+07
  0.177828E+07
  0.205353E+07
  0.237137E+07
  0.273842E+07
  0.316228E+07
  0.365174E+07
  0.421697E+07
  0.486968E+07
  0.562341E+07
  0.649382E+07
  0.749894E+07
  0.865964E+07
  0.100000E+08
  0.115478E+08
  0.133352E+08
  0.153993E+05
  0.177828E+05
  0.205353E+05
  0.237137E+05
  0.273842E+05
  0.316228E+05
  0.365174E+05
  0.421697E+05
  0.486968E+05
  0.562341E+05
  0.649382E+05
  0.749894E+05
  0.865964E+05
  0.100000E+06
  0.115478E+06
  0.133352E+06
  0.153993E+06
  0.177828E+06
  0.205353E+06
  0.237137E+06
  0.273842E+06
  0.316228E+06
  0.365174E+06
  0.421697E+06
  0.486968E+06
  0.562341E+06
  0.649382E+06
  0.749894E+06
  0.865964E+06
  0.100000E+07
  0.115478E+07
  0.133352E+07
  0.153993E+07
  0.177828E+07
  0.205353E+07
  0.237137E+07
  0.273842E+07
  0.316228E+07
  0.365174E+07
  0.421697E+07
  0.486968E+07
  0.562341E+07
  0.649382E+07
  0.749894E+07
  0.865964E+07
  0.100000E+08
  0.115478E+08
  0.133352E+08
  0.153993E+08
  0.177828E+05
  0.205353E+05
  0.237137E+05
  0.273842E+05
  0.316228E+05
  0.365174E+05
  0.421697E+05
  0.486968E+05
  0.562341E+05
  0.649382E+05
  0.749894E+05
  0.865964E+05
  0.100000E+06
  0.115478E+06
  0.133352E+06
  0.153993E+06
  0.177828E+06
  0.205353E+06
  0.237137E+06
  0.273842E+06
  0.316228E+06
  0.365174E+06
  0.421697E+06
  0.486968E+06
  0.562341E+06
  0.649382E+06
  0.749894E+06
  0.865964E+06
  0.100000E+07
  0.115478E+07
  0.133352E+07
  0.153993E+07
  0.177828E+07
  0.205353E+07
  0.237137E+07
  0.273842E+07
  0.316228E+07
  0.365174E+07
  0.421697E+07
  0.486968E+07
  0.562341E+07
  0.649382E+07
  0.749894E+07
  0.865964E+07
  0.100000E+08
  0.115478E+08
  0.133352E+08
  0.153993E+08
  0.177828E+08
  0.205353E+05
  0.237137E+05
  0.273842E+05
  0.316228E+05
  0.365174E+05
  0.421697E+05
  0.486968E+05
  0.562341E+05
  0.649382E+05
  0.749894E+05
  0.865964E+05
  0.100000E+06
  0.115478E+06
  0.133352E+06
  0.153993E+06
  0.177828E+06
  0.205353E+06
  0.237137E+06
  0.273842E+06
  0.316228E+06
  0.365174E+06
  0.421697E+06
  0.486968E+06
  0.562341E+06
  0.649382E+06
  0.749894E+06
  0.865964E+06
  0.100000E+07
  0.115478E+07
  0.133352E+07
  0.153993E+07
  0.177828E+07
  0.205353E+07
  0.237137E+07
  0.273842E+07
  0.316228E+07
  0.365174E+07
  0.421697E+07
  0.486968E+07
  0.562341E+07
  0.649382E+07
  0.749894E+07
  0.865964E+07
  0.100000E+08
  0.115478E+08
  0.133352E+08
  0.153993E+08
  0.177828E+08
  0.205353E+08
  0.237137E+05
  0.273842E+05
  0.316228E+05
  0.365174E+05
  0.421697E+05
  0.486968E+05
  0.562341E+05
  0.649382E+05
  0.749894E+05
  0.865964E+05
  0.100000E+06
  0.115478E+06
  0.133352E+06
  0.153993E+06
  0.177828E+06
  0.205353E+06
  0.237137E+06
  0.273842E+06
  0.316228E+06
  0.365174E+06
  0.421697E+06
  0.486968E+06
  0.562341E+06
  0.649382E+06
  0.749894E+06
  0.865964E+06
  0.100000E+07
  0.115478E+07
  0.133352E+07
  0.153993E+07
  0.177828E+07
  0.205353E+07
  0.237137E+07
  0.273842E+07
  0.316228E+07
  0.365174E+07
  0.421697E+07
  0.486968E+07
  0.562341E+07
  0.649382E+07
  0.749894E+07
  0.865964E+07
  0.100000E+08
  0.115478E+08
  0.133352E+08
  0.153993E+08
  0.177828E+08
  0.205353E+08
  0.237137E+08
  0.273842E+05
  0.316228E+05
  0.365174E+05
  0.421697E+05
  0.486968E+05
  0.562341E+05
  0.649382E+05
  0.749894E+05
  0.865964E+05
  0.100000E+06
  0.115478E+06
  0.133352E+06
  0.153993E+06
  0.177828E+06
  0.205353E+06
  0.237137E+06
  0.273842E+06
  0.316228E+06
  0.365174E+06
  0.421697E+06
  0.486968E+06
  0.562341E+06
  0.649382E+06
  0.749894E+06
  0.865964E+06
  0.100000E+07
  0.115478E+07
  0.133352E+07
  0.153993E+07
  0.177828E+07
  0.205353E+07
  0.237137E+07
  0.273842E+07
  0.316228E+07
  0.365174E+07
  0.421697E+07
  0.486968E+07
  0.562341E+07
  0.649382E+07
  0.749894E+07
  0.865964E+07
  0.100000E+08
  0.115478E+08
  0.133352E+08
  0.153993E+08
  0.177828E+08
  0.205353E+08
  0.237137E+08
  0.273842E+08
  0.316228E+05
  0.365174E+05
  0.421697E+05
  0.486968E+05
  0.562341E+05
  0.649382E+05
  0.749894E+05
  0.865964E+05
  0.100000E+06
  0.115478E+06
  0.133352E+06
  0.153993E+06
  0.177828E+06
  0.205353E+06
  0.237137E+06
  0.273842E+06
  0.316228E+06
  0.365174E+06
  0.421697E+06
  0.486968E+06
  0.562341E+06
  0.649382E+06
  0.749894E+06
  0.865964E+06
  0.100000E+07
  0.115478E+07
  0.133352E+07
  0.153993E+07
  0.177828E+07
  0.205353E+07
  0.237137E+07
  0.273842E+07
  0.316228E+07
  0.365174E+07
  0.421697E+07
  0.486968E+07
  0.562341E+07
  0.649382E+07
  0.749894E+07
  0.865964E+07
  0.100000E+08
  0.115478E+08
  0.133352E+08
  0.153993E+08
  0.177828E+08
  0.205353E+08
  0.237137E+08
  0.273842E+08
  0.316228E+08
  0.365174E+05
  0.421697E+05
  0.486968E+05
  0.562341E+05
  0.649382E+05
  0.749894E+05
  0.865964E+05
  0.100000E+06
  0.115478E+06
  0.133352E+06
  0.153993E+06
  0.177828E+06
  0.205353E+06
  0.237137E+06
  0.273842E+06
  0.316228E+06
  0.365174E+06
  0.421697E+06
  0.486968E+06
  0.562341E+06
  0.649382E+06
  0.749894E+06
  0.865964E+06
  0.100000E+07
  0.115478E+07
  0.133352E+07
  0.153993E+07
  0.177828E+07
  0.205353E+07
  0.237137E+07
  0.273842E+07
  0.316228E+07
  0.365174E+07
  0.421697E+07
  0.486968E+07
  0.562341E+07
  0.649382E+07
  0.749894E+07
  0.865964E+07
  0.100000E+08
  0.115478E+08
  0.133352E+08
  0.153993E+08
  0.177828E+08
  0.205353E+08
  0.237137E+08
  0.273842E+08
  0.316228E+08
  0.365174E+08
  0.421697E+05
  0.486968E+05
  0.562341E+05
  0.649382E+05
  0.749894E+05
  0.865964E+05
  0.100000E+06
  0.115478E+06
  0.133352E+06
  0.153993E+06
  0.177828E+06
  0.205353E+06
  0.237137E+06
  0.273842E+06
  0.316228E+06
  0.365174E+06
  0.421697E+06
  0.486968E+06
  0.562341E+06
  0.649382E+06
  0.749894E+06
  0.865964E+06
  0.100000E+07
  0.115478E+07
  0.133352E+07
  0.153993E+07
  0.177828E+07
  0.205353E+07
  0.237137E+07
  0.273842E+07
  0.316228E+07
  0.365174E+07
  0.421697E+07
  0.486968E+07
  0.562341E+07
  0.649382E+07
  0.749894E+07
  0.865964E+07
  0.100000E+08
  0.115478E+08
  0.133352E+08
  0.153993E+08
  0.177828E+08
  0.205353E+08
  0.237137E+08
  0.273842E+08
  0.316228E+08
  0.365174E+08
  0.421697E+08
  0.486968E+05
  0.562341E+05
  0.649382E+05
  0.749894E+05
  0.865964E+05
  0.100000E+06
  0.115478E+06
  0.133352E+06
  0.153993E+06
  0.177828E+06
  0.205353E+06
  0.237137E+06
  0.273842E+06
  0.316228E+06
  0.365174E+06
  0.421697E+06
  0.486968E+06
  0.562341E+06
  0.649382E+06
  0.749894E+06
  0.865964E+06
  0.100000E+07
  0.115478E+07
  0.133352E+07
  0.153993E+07
  0.177828E+07
  0.205353E+07
  0.237137E+07
  0.273842E+07
  0.316228E+07
  0.365174E+07
  0.421697E+07
  0.486968E+07
  0.562341E+07
  0.649382E+07
  0.749894E+07
  0.865964E+07
  0.100000E+08
  0.115478E+08
  0.133352E+08
  0.153993E+08
  0.177828E+08
  0.205353E+08
  0.237137E+08
  0.273842E+08
  0.316228E+08
  0.365174E+08
  0.421697E+08
  0.486968E+08
  0.562341E+05
  0.649382E+05
  0.749894E+05
  0.865964E+05
  0.100000E+06
  0.115478E+06
  0.133352E+06
  0.153993E+06
  0.177828E+06
  0.205353E+06
  0.237137E+06
  0.273842E+06
  0.316228E+06
  0.365174E+06
  0.421697E+06
  0.486968E+06
  0.562341E+06
  0.649382E+06
  0.749894E+06
  0.865964E+06
  0.100000E+07
  0.115478E+07
  0.133352E+07
  0.153993E+07
  0.177828E+07
  0.205353E+07
  0.237137E+07
  0.273842E+07
  0.316228E+07
  0.365174E+07
  0.421697E+07
  0.486968E+07
  0.562341E+07
  0.649382E+07
  0.749894E+07
  0.865964E+07
  0.100000E+08
  0.115478E+08
  0.133352E+08
  0.153993E+08
  0.177828E+08
  0.205353E+08
  0.237137E+08
  0.273842E+08
  0.316228E+08
  0.365174E+08
  0.421697E+08
  0.486968E+08
  0.562341E+08
  0.649382E+05
  0.749894E+05
  0.865964E+05
  0.100000E+06
  0.115478E+06
  0.133352E+06
  0.153993E+06
  0.177828E+06
  0.205353E+06
  0.237137E+06
  0.273842E+06
  0.316228E+06
  0.365174E+06
  0.421697E+06
  0.486968E+06
  0.562341E+06
  0.649382E+06
  0.749894E+06
  0.865964E+06
  0.100000E+07
  0.115478E+07
  0.133352E+07
  0.153993E+07
  0.177828E+07
  0.205353E+07
  0.237137E+07
  0.273842E+07
  0.316228E+07
  0.365174E+07
  0.421697E+07
  0.486968E+07
  0.562341E+07
  0.649382E+07
  0.749894E+07
  0.865964E+07
  0.100000E+08
  0.115478E+08
  0.133352E+08
  0.153993E+08
  0.177828E+08
  0.205353E+08
  0.237137E+08
  0.273842E+08
  0.316228E+08
  0.365174E+08
  0.421697E+08
  0.486968E+08
  0.562341E+08
  0.649382E+08
  0.749894E+05
  0.865964E+05
  0.100000E+06
  0.115478E+06
  0.133352E+06
  0.153993E+06
  0.177828E+06
  0.205353E+06
  0.237137E+06
  0.273842E+06
  0.316228E+06
  0.365174E+06
  0.421697E+06
  0.486968E+06
  0.562341E+06
  0.649382E+06
  0.749894E+06
  0.865964E+06
  0.100000E+07
  0.115478E+07
  0.133352E+07
  0.153993E+07
  0.177828E+07
  0.205353E+07
  0.237137E+07
  0.273842E+07
  0.316228E+07
  0.365174E+07
  0.421697E+07
  0.486968E+07
  0.562341E+07
  0.649382E+07
  0.749894E+07
  0.865964E+07
  0.100000E+08
  0.115478E+08
  0.133352E+08
  0.153993E+08
  0.177828E+08
  0.205353E+08
  0.237137E+08
  0.273842E+08
  0.316228E+08
  0.365174E+08
  0.421697E+08
  0.486968E+08
  0.562341E+08
  0.649382E+08
  0.749894E+08
  0.865964E+05
  0.100000E+06
  0.115478E+06
  0.133352E+06
  0.153993E+06
  0.177828E+06
  0.205353E+06
  0.237137E+06
  0.273842E+06
  0.316228E+06
  0.365174E+06
  0.421697E+06
  0.486968E+06
  0.562341E+06
  0.649382E+06
  0.749894E+06
  0.865964E+06
  0.100000E+07
  0.115478E+07
  0.133352E+07
  0.153993E+07
  0.177828E+07
  0.205353E+07
  0.237137E+07
  0.273842E+07
  0.316228E+07
  0.365174E+07
  0.421697E+07
  0.486968E+07
  0.562341E+07
  0.649382E+07
  0.749894E+07
  0.865964E+07
  0.100000E+08
  0.115478E+08
  0.133352E+08
  0.153993E+08
  0.177828E+08
  0.205353E+08
  0.237137E+08
  0.273842E+08
  0.316228E+08
  0.365174E+08
  0.421697E+08
  0.486968E+08
  0.562341E+08
  0.649382E+08
  0.749894E+08
  0.865964E+08
  0.100000E+06
  0.115478E+06
  0.133352E+06
  0.153993E+06
  0.177828E+06
  0.205353E+06
  0.237137E+06
  0.273842E+06
  0.316228E+06
  0.365174E+06
  0.421697E+06
  0.486968E+06
  0.562341E+06
  0.649382E+06
  0.749894E+06
  0.865964E+06
  0.100000E+07
  0.115478E+07
  0.133352E+07
  0.153993E+07
  0.177828E+07
  0.205353E+07
  0.237137E+07
  0.273842E+07
  0.316228E+07
  0.365174E+07
  0.421697E+07
  0.486968E+07
  0.562341E+07
  0.649382E+07
  0.749894E+07
  0.865964E+07
  0.100000E+08
  0.115478E+08
  0.133352E+08
  0.153993E+08
  0.177828E+08
  0.205353E+08
  0.237137E+08
  0.273842E+08
  0.316228E+08
  0.365174E+08
  0.421697E+08
  0.486968E+08
  0.562341E+08
  0.649382E+08
  0.749894E+08
  0.865964E+08
  0.100000E+09
  0.115478E+06
  0.133352E+06
  0.153993E+06
  0.177828E+06
  0.205353E+06
  0.237137E+06
  0.273842E+06
  0.316228E+06
  0.365174E+06
  0.421697E+06
  0.486968E+06
  0.562341E+06
  0.649382E+06
  0.749894E+06
  0.865964E+06
  0.100000E+07
  0.115478E+07
  0.133352E+07
  0.153993E+07
  0.177828E+07
  0.205353E+07
  0.237137E+07
  0.273842E+07
  0.316228E+07
  0.365174E+07
  0.421697E+07
  0.486968E+07
  0.562341E+07
  0.649382E+07
  0.749894E+07
  0.865964E+07
  0.100000E+08
  0.115478E+08
  0.133352E+08
  0.153993E+08
  0.177828E+08
  0.205353E+08
  0.237137E+08
  0.273842E+08
  0.316228E+08
  0.365174E+08
  0.421697E+08
  0.486968E+08
  0.562341E+08
  0.649382E+08
  0.749894E+08
  0.865964E+08
  0.100000E+09
  0.115478E+09
  0.133352E+06
  0.153993E+06
  0.177828E+06
  0.205353E+06
  0.237137E+06
  0.273842E+06
  0.316228E+06
  0.365174E+06
  0.421697E+06
  0.486968E+06
  0.562341E+06
  0.649382E+06
  0.749894E+06
  0.865964E+06
  0.100000E+07
  0.115478E+07
  0.133352E+07
  0.153993E+07
  0.177828E+07
  0.205353E+07
  0.237137E+07
  0.273842E+07
  0.316228E+07
  0.365174E+07
  0.421697E+07
  0.486968E+07
  0.562341E+07
  0.649382E+07
  0.749894E+07
  0.865964E+07
  0.100000E+08
  0.115478E+08
  0.133352E+08
  0.153993E+08
  0.177828E+08
  0.205353E+08
  0.237137E+08
  0.273842E+08
  0.316228E+08
  0.365174E+08
  0.421697E+08
  0.486968E+08
  0.562341E+08
  0.649382E+08
  0.749894E+08
  0.865964E+08
  0.100000E+09
  0.115478E+09
  0.133352E+09
  0.153993E+06
  0.177828E+06
  0.205353E+06
  0.237137E+06
  0.273842E+06
  0.316228E+06
  0.365174E+06
  0.421697E+06
  0.486968E+06
  0.562341E+06
  0.649382E+06
  0.749894E+06
  0.865964E+06
  0.100000E+07
  0.115478E+07
  0.133352E+07
  0.153993E+07
  0.177828E+07
  0.205353E+07
  0.237137E+07
  0.273842E+07
  0.316228E+07
  0.365174E+07
  0.421697E+07
  0.486968E+07
  0.562341E+07
  0.649382E+07
  0.749894E+07
  0.865964E+07
  0.100000E+08
  0.115478E+08
  0.133352E+08
  0.153993E+08
  0.177828E+08
  0.205353E+08
  0.237137E+08
  0.273842E+08
  0.316228E+08
  0.365174E+08
  0.421697E+08
  0.486968E+08
  0.562341E+08
  0.649382E+08
  0.749894E+08
  0.865964E+08
  0.100000E+09
  0.115478E+09
  0.133352E+09
  0.153993E+09
  0.177828E+06
  0.205353E+06
  0.237137E+06
  0.273842E+06
  0.316228E+06
  0.365174E+06
  0.421697E+06
  0.486968E+06
  0.562341E+06
  0.649382E+06
  0.749894E+06
  0.865964E+06
  0.100000E+07
  0.115478E+07
  0.133352E+07
  0.153993E+07
  0.177828E+07
  0.205353E+07
  0.237137E+07
  0.273842E+07
  0.316228E+07
  0.365174E+07
  0.421697E+07
  0.486968E+07
  0.562341E+07
  0.649382E+07
  0.749894E+07
  0.865964E+07
  0.100000E+08
  0.115478E+08
  0.133352E+08
  0.153993E+08
  0.177828E+08
  0.205353E+08
  0.237137E+08
  0.273842E+08
  0.316228E+08
  0.365174E+08
  0.421697E+08
  0.486968E+08
  0.562341E+08
  0.649382E+08
  0.749894E+08
  0.865964E+08
  0.100000E+09
  0.115478E+09
  0.133352E+09
  0.153993E+09
  0.177828E+09
  0.205353E+06
  0.237137E+06
  0.273842E+06
  0.316228E+06
  0.365174E+06
  0.421697E+06
  0.486968E+06
  0.562341E+06
  0.649382E+06
  0.749894E+06
  0.865964E+06
  0.100000E+07
  0.115478E+07
  0.133352E+07
  0.153993E+07
  0.177828E+07
  0.205353E+07
  0.237137E+07
  0.273842E+07
  0.316228E+07
  0.365174E+07
  0.421697E+07
  0.486968E+07
  0.562341E+07
  0.649382E+07
  0.749894E+07
  0.865964E+07
  0.100000E+08
  0.115478E+08
  0.133352E+08
  0.153993E+08
  0.177828E+08
  0.205353E+08
  0.237137E+08
  0.273842E+08
  0.316228E+08
  0.365174E+08
  0.421697E+08
  0.486968E+08
  0.562341E+08
  0.649382E+08
  0.749894E+08
  0.865964E+08
  0.100000E+09
  0.115478E+09
  0.133352E+09
  0.153993E+09
  0.177828E+09
  0.205353E+09
  0.237137E+06
  0.273842E+06
  0.316228E+06
  0.365174E+06
  0.421697E+06
  0.486968E+06
  0.562341E+06
  0.649382E+06
  0.749894E+06
  0.865964E+06
  0.100000E+07
  0.115478E+07
  0.133352E+07
  0.153993E+07
  0.177828E+07
  0.205353E+07
  0.237137E+07
  0.273842E+07
  0.316228E+07
  0.365174E+07
  0.421697E+07
  0.486968E+07
  0.562341E+07
  0.649382E+07
  0.749894E+07
  0.865964E+07
  0.100000E+08
  0.115478E+08
  0.133352E+08
  0.153993E+08
  0.177828E+08
  0.205353E+08
  0.237137E+08
  0.273842E+08
  0.316228E+08
  0.365174E+08
  0.421697E+08
  0.486968E+08
  0.562341E+08
  0.649382E+08
  0.749894E+08
  0.865964E+08
  0.100000E+09
  0.115478E+09
  0.133352E+09
  0.153993E+09
  0.177828E+09
  0.205353E+09
  0.237137E+09
  0.273842E+06
  0.316228E+06
  0.365174E+06
  0.421697E+06
  0.486968E+06
  0.562341E+06
  0.649382E+06
  0.749894E+06
  0.865964E+06
  0.100000E+07
  0.115478E+07
  0.133352E+07
  0.153993E+07
  0.177828E+07
  0.205353E+07
  0.237137E+07
  0.273842E+07
  0.316228E+07
  0.365174E+07
  0.421697E+07
  0.486968E+07
  0.562341E+07
  0.649382E+07
  0.749894E+07
  0.865964E+07
  0.100000E+08
  0.115478E+08
  0.133352E+08
  0.153993E+08
  0.177828E+08
  0.205353E+08
  0.237137E+08
  0.273842E+08
  0.316228E+08
  0.365174E+08
  0.421697E+08
  0.486968E+08
  0.562341E+08
  0.649382E+08
  0.749894E+08
  0.865964E+08
  0.100000E+09
  0.115478E+09
  0.133352E+09
  0.153993E+09
  0.177828E+09
  0.205353E+09
  0.237137E+09
  0.273842E+09
  0.316228E+06
  0.365174E+06
  0.421697E+06
  0.486968E+06
  0.562341E+06
  0.649382E+06
  0.749894E+06
  0.865964E+06
  0.100000E+07
  0.115478E+07
  0.133352E+07
  0.153993E+07
  0.177828E+07
  0.205353E+07
  0.237137E+07
  0.273842E+07
  0.316228E+07
  0.365174E+07
  0.421697E+07
  0.486968E+07
  0.562341E+07
  0.649382E+07
  0.749894E+07
  0.865964E+07
  0.100000E+08
  0.115478E+08
  0.133352E+08
  0.153993E+08
  0.177828E+08
  0.205353E+08
  0.237137E+08
  0.273842E+08
  0.316228E+08
  0.365174E+08
  0.421697E+08
  0.486968E+08
  0.562341E+08
  0.649382E+08
  0.749894E+08
  0.865964E+08
  0.100000E+09
  0.115478E+09
  0.133352E+09
  0.153993E+09
  0.177828E+09
  0.205353E+09
  0.237137E+09
  0.273842E+09
  0.316228E+09
  0.365174E+06
  0.421697E+06
  0.486968E+06
  0.562341E+06
  0.649382E+06
  0.749894E+06
  0.865964E+06
  0.100000E+07
  0.115478E+07
  0.133352E+07
  0.153993E+07
  0.177828E+07
  0.205353E+07
  0.237137E+07
  0.273842E+07
  0.316228E+07
  0.365174E+07
  0.421697E+07
  0.486968E+07
  0.562341E+07
  0.649382E+07
  0.749894E+07
  0.865964E+07
  0.100000E+08
  0.115478E+08
  0.133352E+08
  0.153993E+08
  0.177828E+08
  0.205353E+08
  0.237137E+08
  0.273842E+08
  0.316228E+08
  0.365174E+08
  0.421697E+08
  0.486968E+08
  0.562341E+08
  0.649382E+08
  0.749894E+08
  0.865964E+08
  0.100000E+09
  0.115478E+09
  0.133352E+09
  0.153993E+09
  0.177828E+09
  0.205353E+09
  0.237137E+09
  0.273842E+09
  0.316228E+09
  0.365174E+09
  0.421697E+06
  0.486968E+06
  0.562341E+06
  0.649382E+06
  0.749894E+06
  0.865964E+06
  0.100000E+07
  0.115478E+07
  0.133352E+07
  0.153993E+07
  0.177828E+07
  0.205353E+07
  0.237137E+07
  0.273842E+07
  0.316228E+07
  0.365174E+07
  0.421697E+07
  0.486968E+07
  0.562341E+07
  0.649382E+07
  0.749894E+07
  0.865964E+07
  0.100000E+08
  0.115478E+08
  0.133352E+08
  0.153993E+08
  0.177828E+08
  0.205353E+08
  0.237137E+08
  0.273842E+08
  0.316228E+08
  0.365174E+08
  0.421697E+08
  0.486968E+08
  0.562341E+08
  0.649382E+08
  0.749894E+08
  0.865964E+08
  0.100000E+09
  0.115478E+09
  0.133352E+09
  0.153993E+09
  0.177828E+09
  0.205353E+09
  0.237137E+09
  0.273842E+09
  0.316228E+09
  0.365174E+09
  0.421697E+09
  0.486968E+06
  0.562341E+06
  0.649382E+06
  0.749894E+06
  0.865964E+06
  0.100000E+07
  0.115478E+07
  0.133352E+07
  0.153993E+07
  0.177828E+07
  0.205353E+07
  0.237137E+07
  0.273842E+07
  0.316228E+07
  0.365174E+07
  0.421697E+07
  0.486968E+07
  0.562341E+07
  0.649382E+07
  0.749894E+07
  0.865964E+07
  0.100000E+08
  0.115478E+08
  0.133352E+08
  0.153993E+08
  0.177828E+08
  0.205353E+08
  0.237137E+08
  0.273842E+08
  0.316228E+08
  0.365174E+08
  0.421697E+08
  0.486968E+08
  0.562341E+08
  0.649382E+08
  0.749894E+08
  0.865964E+08
  0.100000E+09
  0.115478E+09
  0.133352E+09
  0.153993E+09
  0.177828E+09
  0.205353E+09
  0.237137E+09
  0.273842E+09
  0.316228E+09
  0.365174E+09
  0.421697E+09
  0.486968E+09
  0.562341E+06
  0.649382E+06
  0.749894E+06
  0.865964E+06
  0.100000E+07
  0.115478E+07
  0.133352E+07
  0.153993E+07
  0.177828E+07
  0.205353E+07
  0.237137E+07
  0.273842E+07
  0.316228E+07
  0.365174E+07
  0.421697E+07
  0.486968E+07
  0.562341E+07
  0.649382E+07
  0.749894E+07
  0.865964E+07
  0.100000E+08
  0.115478E+08
  0.133352E+08
  0.153993E+08
  0.177828E+08
  0.205353E+08
  0.237137E+08
  0.273842E+08
  0.316228E+08
  0.365174E+08
  0.421697E+08
  0.486968E+08
  0.562341E+08
  0.649382E+08
  0.749894E+08
  0.865964E+08
  0.100000E+09
  0.115478E+09
  0.133352E+09
  0.153993E+09
  0.177828E+09
  0.205353E+09
  0.237137E+09
  0.273842E+09
  0.316228E+09
  0.365174E+09
  0.421697E+09
  0.486968E+09
  0.562341E+09
  0.649382E+06
  0.749894E+06
  0.865964E+06
  0.100000E+07
  0.115478E+07
  0.133352E+07
  0.153993E+07
  0.177828E+07
  0.205353E+07
  0.237137E+07
  0.273842E+07
  0.316228E+07
  0.365174E+07
  0.421697E+07
  0.486968E+07
  0.562341E+07
  0.649382E+07
  0.749894E+07
  0.865964E+07
  0.100000E+08
  0.115478E+08
  0.133352E+08
  0.153993E+08
  0.177828E+08
  0.205353E+08
  0.237137E+08
  0.273842E+08
  0.316228E+08
  0.365174E+08
  0.421697E+08
  0.486968E+08
  0.562341E+08
  0.649382E+08
  0.749894E+08
  0.865964E+08
  0.100000E+09
  0.115478E+09
  0.133352E+09
  0.153993E+09
  0.177828E+09
  0.205353E+09
  0.237137E+09
  0.273842E+09
  0.316228E+09
  0.365174E+09
  0.421697E+09
  0.486968E+09
  0.562341E+09
  0.649382E+09
  0.749894E+06
  0.865964E+06
  0.100000E+07
  0.115478E+07
  0.133352E+07
  0.153993E+07
  0.177828E+07
  0.205353E+07
  0.237137E+07
  0.273842E+07
  0.316228E+07
  0.365174E+07
  0.421697E+07
  0.486968E+07
  0.562341E+07
  0.649382E+07
  0.749894E+07
  0.865964E+07
  0.100000E+08
  0.115478E+08
  0.133352E+08
  0.153993E+08
  0.177828E+08
  0.205353E+08
  0.237137E+08
  0.273842E+08
  0.316228E+08
  0.365174E+08
  0.421697E+08
  0.486968E+08
  0.562341E+08
  0.649382E+08
  0.749894E+08
  0.865964E+08
  0.100000E+09
  0.115478E+09
  0.133352E+09
  0.153993E+09
  0.177828E+09
  0.205353E+09
  0.237137E+09
  0.273842E+09
  0.316228E+09
  0.365174E+09
  0.421697E+09
  0.486968E+09
  0.562341E+09
  0.649382E+09
  0.749894E+09
  0.865964E+06
  0.100000E+07
  0.115478E+07
  0.133352E+07
  0.153993E+07
  0.177828E+07
  0.205353E+07
  0.237137E+07
  0.273842E+07
  0.316228E+07
  0.365174E+07
  0.421697E+07
  0.486968E+07
  0.562341E+07
  0.649382E+07
  0.749894E+07
  0.865964E+07
  0.100000E+08
  0.115478E+08
  0.133352E+08
  0.153993E+08
  0.177828E+08
  0.205353E+08
  0.237137E+08
  0.273842E+08
  0.316228E+08
  0.365174E+08
  0.421697E+08
  0.486968E+08
  0.562341E+08
  0.649382E+08
  0.749894E+08
  0.865964E+08
  0.100000E+09
  0.115478E+09
  0.133352E+09
  0.153993E+09
  0.177828E+09
  0.205353E+09
  0.237137E+09
  0.273842E+09
  0.316228E+09
  0.365174E+09
  0.421697E+09
  0.486968E+09
  0.562341E+09
  0.649382E+09
  0.749894E+09
  0.865964E+09
  0.100000E+07
  0.115478E+07
  0.133352E+07
  0.153993E+07
  0.177828E+07
  0.205353E+07
  0.237137E+07
  0.273842E+07
  0.316228E+07
  0.365174E+07
  0.421697E+07
  0.486968E+07
  0.562341E+07
  0.649382E+07
  0.749894E+07
  0.865964E+07
  0.100000E+08
  0.115478E+08
  0.133352E+08
  0.153993E+08
  0.177828E+08
  0.205353E+08
  0.237137E+08
  0.273842E+08
  0.316228E+08
  0.365174E+08
  0.421697E+08
  0.486968E+08
  0.562341E+08
  0.649382E+08
  0.749894E+08
  0.865964E+08
  0.100000E+09
  0.115478E+09
  0.133352E+09
  0.153993E+09
  0.177828E+09
  0.205353E+09
  0.237137E+09
  0.273842E+09
  0.316228E+09
  0.365174E+09
  0.421697E+09
  0.486968E+09
  0.562341E+09
  0.649382E+09
  0.749894E+09
  0.865964E+09
  0.100000E+10
  0.115478E+07
  0.133352E+07
  0.153993E+07
  0.177828E+07
  0.205353E+07
  0.237137E+07
  0.273842E+07
  0.316228E+07
  0.365174E+07
  0.421697E+07
  0.486968E+07
  0.562341E+07
  0.649382E+07
  0.749894E+07
  0.865964E+07
  0.100000E+08
  0.115478E+08
  0.133352E+08
  0.153993E+08
  0.177828E+08
  0.205353E+08
  0.237137E+08
  0.273842E+08
  0.316228E+08
  0.365174E+08
  0.421697E+08
  0.486968E+08
  0.562341E+08
  0.649382E+08
  0.749894E+08
  0.865964E+08
  0.100000E+09
  0.115478E+09
  0.133352E+09
  0.153993E+09
  0.177828E+09
  0.205353E+09
  0.237137E+09
  0.273842E+09
  0.316228E+09
  0.365174E+09
  0.421697E+09
  0.486968E+09
  0.562341E+09
  0.649382E+09
  0.749894E+09
  0.865964E+09
  0.100000E+10
  0.115478E+10
  0.133352E+07
  0.153993E+07
  0.177828E+07
  0.205353E+07
  0.237137E+07
  0.273842E+07
  0.316228E+07
  0.365174E+07
  0.421697E+07
  0.486968E+07
  0.562341E+07
  0.649382E+07
  0.749894E+07
  0.865964E+07
  0.100000E+08
  0.115478E+08
  0.133352E+08
  0.153993E+08
  0.177828E+08
  0.205353E+08
  0.237137E+08
  0.273842E+08
  0.316228E+08
  0.365174E+08
  0.421697E+08
  0.486968E+08
  0.562341E+08
  0.649382E+08
  0.749894E+08
  0.865964E+08
  0.100000E+09
  0.115478E+09
  0.133352E+09
  0.153993E+09
  0.177828E+09
  0.205353E+09
  0.237137E+09
  0.273842E+09
  0.316228E+09
  0.365174E+09
  0.421697E+09
  0.486968E+09
  0.562341E+09
  0.649382E+09
  0.749894E+09
  0.865964E+09
  0.100000E+10
  0.115478E+10
  0.133352E+10
  0.153993E+07
  0.177828E+07
  0.205353E+07
  0.237137E+07
  0.273842E+07
  0.316228E+07
  0.365174E+07
  0.421697E+07
  0.486968E+07
  0.562341E+07
  0.649382E+07
  0.749894E+07
  0.865964E+07
  0.100000E+08
  0.115478E+08
  0.133352E+08
  0.153993E+08
  0.177828E+08
  0.205353E+08
  0.237137E+08
  0.273842E+08
  0.316228E+08
  0.365174E+08
  0.421697E+08
  0.486968E+08
  0.562341E+08
  0.649382E+08
  0.749894E+08
  0.865964E+08
  0.100000E+09
  0.115478E+09
  0.133352E+09
  0.153993E+09
  0.177828E+09
  0.205353E+09
  0.237137E+09
  0.273842E+09
  0.316228E+09
  0.365174E+09
  0.421697E+09
  0.486968E+09
  0.562341E+09
  0.649382E+09
  0.749894E+09
  0.865964E+09
  0.100000E+10
  0.115478E+10
  0.133352E+10
  0.153993E+10
  0.177828E+07
  0.205353E+07
  0.237137E+07
  0.273842E+07
  0.316228E+07
  0.365174E+07
  0.421697E+07
  0.486968E+07
  0.562341E+07
  0.649382E+07
  0.749894E+07
  0.865964E+07
  0.100000E+08
  0.115478E+08
  0.133352E+08
  0.153993E+08
  0.177828E+08
  0.205353E+08
  0.237137E+08
  0.273842E+08
  0.316228E+08
  0.365174E+08
  0.421697E+08
  0.486968E+08
  0.562341E+08
  0.649382E+08
  0.749894E+08
  0.865964E+08
  0.100000E+09
  0.115478E+09
  0.133352E+09
  0.153993E+09
  0.177828E+09
  0.205353E+09
  0.237137E+09
  0.273842E+09
  0.316228E+09
  0.365174E+09
  0.421697E+09
  0.486968E+09
  0.562341E+09
  0.649382E+09
  0.749894E+09
  0.865964E+09
  0.100000E+10
  0.115478E+10
  0.133352E+10
  0.153993E+10
  0.177828E+10
  0.205353E+07
  0.237137E+07
  0.273842E+07
  0.316228E+07
  0.365174E+07
  0.421697E+07
  0.486968E+07
  0.562341E+07
  0.649382E+07
  0.749894E+07
  0.865964E+07
  0.100000E+08
  0.115478E+08
  0.133352E+08
  0.153993E+08
  0.177828E+08
  0.205353E+08
  0.237137E+08
  0.273842E+08
  0.316228E+08
  0.365174E+08
  0.421697E+08
  0.486968E+08
  0.562341E+08
  0.649382E+08
  0.749894E+08
  0.865964E+08
  0.100000E+09
  0.115478E+09
  0.133352E+09
  0.153993E+09
  0.177828E+09
  0.205353E+09
  0.237137E+09
  0.273842E+09
  0.316228E+09
  0.365174E+09
  0.421697E+09
  0.486968E+09
  0.562341E+09
  0.649382E+09
  0.749894E+09
  0.865964E+09
  0.100000E+10
  0.115478E+10
  0.133352E+10
  0.153993E+10
  0.177828E+10
  0.205353E+10
  0.237137E+07
  0.273842E+07
  0.316228E+07
  0.365174E+07
  0.421697E+07
  0.486968E+07
  0.562341E+07
  0.649382E+07
  0.749894E+07
  0.865964E+07
  0.100000E+08
  0.115478E+08
  0.133352E+08
  0.153993E+08
  0.177828E+08
  0.205353E+08
  0.237137E+08
  0.273842E+08
  0.316228E+08
  0.365174E+08
  0.421697E+08
  0.486968E+08
  0.562341E+08
  0.649382E+08
  0.749894E+08
  0.865964E+08
  0.100000E+09
  0.115478E+09
  0.133352E+09
  0.153993E+09
  0.177828E+09
  0.205353E+09
  0.237137E+09
  0.273842E+09
  0.316228E+09
  0.365174E+09
  0.421697E+09
  0.486968E+09
  0.562341E+09
  0.649382E+09
  0.749894E+09
  0.865964E+09
  0.100000E+10
  0.115478E+10
  0.133352E+10
  0.153993E+10
  0.177828E+10
  0.205353E+10
  0.237137E+10
  0.273842E+07
  0.316228E+07
  0.365174E+07
  0.421697E+07
  0.486968E+07
  0.562341E+07
  0.649382E+07
  0.749894E+07
  0.865964E+07
  0.100000E+08
  0.115478E+08
  0.133352E+08
  0.153993E+08
  0.177828E+08
  0.205353E+08
  0.237137E+08
  0.273842E+08
  0.316228E+08
  0.365174E+08
  0.421697E+08
  0.486968E+08
  0.562341E+08
  0.649382E+08
  0.749894E+08
  0.865964E+08
  0.100000E+09
  0.115478E+09
  0.133352E+09
  0.153993E+09
  0.177828E+09
  0.205353E+09
  0.237137E+09
  0.273842E+09
  0.316228E+09
  0.365174E+09
  0.421697E+09
  0.486968E+09
  0.562341E+09
  0.649382E+09
  0.749894E+09
  0.865964E+09
  0.100000E+10
  0.115478E+10
  0.133352E+10
  0.153993E+10
  0.177828E+10
  0.205353E+10
  0.237137E+10
  0.273842E+10
  0.316228E+07
  0.365174E+07
  0.421697E+07
  0.486968E+07
  0.562341E+07
  0.649382E+07
  0.749894E+07
  0.865964E+07
  0.100000E+08
  0.115478E+08
  0.133352E+08
  0.153993E+08
  0.177828E+08
  0.205353E+08
  0.237137E+08
  0.273842E+08
  0.316228E+08
  0.365174E+08
  0.421697E+08
  0.486968E+08
  0.562341E+08
  0.649382E+08
  0.749894E+08
  0.865964E+08
  0.100000E+09
  0.115478E+09
  0.133352E+09
  0.153993E+09
  0.177828E+09
  0.205353E+09
  0.237137E+09
  0.273842E+09
  0.316228E+09
  0.365174E+09
  0.421697E+09
  0.486968E+09
  0.562341E+09
  0.649382E+09
  0.749894E+09
  0.865964E+09
  0.100000E+10
  0.115478E+10
  0.133352E+10
  0.153993E+10
  0.177828E+10
  0.205353E+10
  0.237137E+10
  0.273842E+10
  0.316228E+10
